1096	0.0117558435173785	0.642187525518239
1099	0.0123347611844285	0.643945338088088
1103	0.0131630788717004	0.64628908818122
1121	0.0178113991006164	0.656835963600315
1122	0.0181192290712421	0.657421901123598
1157	0.0328993517912035	0.677929714438505
1169	0.0399513847469378	0.684960964717902
1170	0.0405875011346906	0.685546902241185
1176	0.0445618787995327	0.689062527380884
1180	0.0473616460746663	0.691406277474016
1190	0.0548821578502913	0.697265652706847
1192	0.0564741944735717	0.698437527753413
1205	0.0675041803397305	0.706054715556093
1207	0.069301061579135	0.707226590602659
1215	0.0767329856423152	0.711914090788923
1216	0.0776881042432483	0.712500028312206
1217	0.0786487423307614	0.713085965835489
1219	0.0805862257433455	0.714257840882055
1224	0.0855203804071487	0.717187528498471
1226	0.0875283992597035	0.718359403545037
1227	0.0885394320529333	0.71894534106832
1228	0.0895550377256528	0.719531278591603
1229	0.0905751361640062	0.720117216114886
1231	0.0926284996158892	0.721289091161452
1236	0.0978352898714587	0.724218778777868
1238	0.0999459394239497	0.725390653824434
1239	0.101007005130915	0.725976591347717
1240	0.10207182477309	0.726562528871
1241	0.103140346950004	0.727148466394283
1245	0.107450537046849	0.729492216487415
1247	0.109626730698955	0.730664091533981
1250	0.112916661197393	0.73242190410383
1251	0.114020041587884	0.733007841627114
1252	0.115126757048507	0.733593779150397
1254	0.117350132672907	0.734765654196963
1255	0.118466769278637	0.735351591720246
1256	0.119586693660522	0.735937529243529
1257	0.120709900320159	0.736523466766812
1258	0.121836386082521	0.737109404290095
1261	0.12523551858718	0.738867216859944
1263	0.127518037673221	0.74003909190651
1266	0.130966607113367	0.741796904476359
1267	0.132122782450295	0.742382841999643
1270	0.135611441036737	0.744140654569492
1271	0.136781084473902	0.744726592092775
1273	0.139130594255264	0.745898467139341
1275	0.14149383178188	0.747070342185907
1276	0.142680633908092	0.74765627970919
1278	0.145064671175239	0.748828154755756
1279	0.146261930466901	0.749414092279039
1280	0.147462697948564	0.750000029802322
1283	0.151086135740234	0.751757842372172
1284	0.152301014756516	0.752343779895455
1286	0.154741392842549	0.753515654942021
1287	0.155966892021704	0.754101592465304
1288	0.157195927853543	0.754687529988587
1289	0.158428494960425	0.75527346751187
1290	0.159664585602643	0.755859405035153
1291	0.160904189584734	0.756445342558436
1292	0.162147294169509	0.757031280081719
1295	0.165897444463059	0.758789092651568
1297	0.168414693289658	0.759960967698134
1298	0.169678382908156	0.760546905221418
1299	0.170945407318626	0.761132842744701
1300	0.172215731362528	0.761718780267984
1301	0.173489316951308	0.762304717791267
1302	0.174766123069001	0.76289065531455
1303	0.176046105784281	0.763476592837833
1304	0.177329218272007	0.764062530361116
1307	0.18119682342771	0.765820342930965
1308	0.182491930159097	0.766406280454248
1309	0.183789890542149	0.766992217977531
1310	0.185090641365722	0.767578155500814
1311	0.186394116935771	0.768164093024097
1312	0.187700249169624	0.76875003054738
1313	0.18900896769854	0.769335968070664
1315	0.191633871407305	0.77050784311723
1316	0.192949905452497	0.771093780640513
1317	0.194268223781665	0.771679718163796
1318	0.195588746402817	0.772265655687079
1319	0.196911391809564	0.772851593210362
1320	0.198236077132296	0.773437530733645
1322	0.200891230174741	0.774609405780211
1323	0.202221526770814	0.775195343303494
1324	0.203553521370503	0.775781280826777
1326	0.206222255216527	0.776953155873343
1327	0.207558819051186	0.777539093396626
1328	0.208896730422283	0.778125030919909
1329	0.210235901697834	0.778710968443193
1330	0.21157624559907	0.779296905966476
1332	0.214260105007111	0.780468781013042
1333	0.215603449334903	0.781054718536325
1334	0.216947624282765	0.781640656059608
1335	0.218292547006466	0.782226593582891
1336	0.219638136067329	0.782812531106174
1337	0.220984311597264	0.783398468629457
1338	0.222330995459248	0.78398440615274
1339	0.223678111402693	0.784570343676023
1340	0.225025585213129	0.785156281199306
1341	0.226373344855686	0.785742218722589
1344	0.230417653941986	0.787500031292439
1345	0.231765884787497	0.788085968815722
1346	0.233114078508488	0.788671906339005
1347	0.234462178750803	0.789257843862288
1348	0.235810132130062	0.789843781385571
1349	0.23715788830903	0.790429718908854
1350	0.238505400065122	0.791015656432137
1352	0.241199517325592	0.792187531478703
1353	0.242546044422771	0.792773469001986
1354	0.243892170345221	0.793359406525269
1355	0.245237864095736	0.793945344048552
1356	0.246583097978518	0.794531281571835
1358	0.249272091816362	0.795703156618401
1359	0.250615812776834	0.796289094141684
1360	0.251958995814508	0.796875031664968
1361	0.253301629433196	0.797460969188251
1362	0.254643705241488	0.798046906711534
1363	0.255985217883921	0.798632844234817
1364	0.257326164962412	0.7992187817581
1365	0.258666546948262	0.799804719281383
1366	0.260006367085061	0.800390656804666
1367	0.261345631282848	0.800976594327949
1368	0.262684348003943	0.801562531851232
1369	0.264022528140856	0.802148469374515
1370	0.265360184886737	0.802734406897798
1371	0.266697333598846	0.803320344421081
1372	0.268033991655544	0.803906281944364
1373	0.269370178307334	0.804492219467647
1374	0.270705914522498	0.80507815699093
1375	0.272041222827893	0.805664094514214
1376	0.273376127145488	0.806250032037497
1377	0.274710652625237	0.80683596956078
1378	0.276044825474891	0.807421907084063
1379	0.277378672787366	0.808007844607346
1380	0.278712222366292	0.808593782130629
1381	0.280045502550365	0.809179719653912
1382	0.281378542037131	0.809765657177195
1383	0.282711369706835	0.810351594700478
1384	0.284044014446964	0.810937532223761
1385	0.285376504978104	0.811523469747044
1386	0.28670886968172	0.812109407270327
1387	0.288041136430492	0.81269534479361
1388	0.289373332421772	0.813281282316893
1389	0.290705484014777	0.813867219840176
1390	0.292037616572063	0.814453157363459
1391	0.293369754305858	0.815039094886743
1392	0.29470192012976	0.815625032410026
1393	0.296034135516353	0.816210969933309
1394	0.29736642036119	0.816796907456592
1395	0.298698792853649	0.817382844979875
1396	0.300031269355081	0.817968782503158
1397	0.301363864284685	0.818554720026441
1398	0.30269659001348	0.819140657549724
1399	0.304029456766753	0.819726595073007
1400	0.305362472535286	0.82031253259629
1401	0.30669564299569	0.820898470119573
1402	0.308028971440078	0.821484407642856
1403	0.309362458715329	0.822070345166139
1404	0.31069610317213	0.822656282689422
1405	0.312029900623942	0.823242220212705
1406	0.313363844316047	0.823828157735988
1407	0.314697924904724	0.824414095259272
1408	0.316032130446638	0.825000032782555
1409	0.317366446398425	0.825585970305838
1410	0.318700855626478	0.826171907829121
1411	0.320035338426858	0.826757845352404
1412	0.321369872555227	0.827343782875687
1413	0.32270443326669	0.82792972039897
1414	0.324038993365351	0.828515657922253
1415	0.325373523263399	0.829101595445536
1417	0.328042362566013	0.830273470492102
1418	0.329376601495368	0.830859408015385
1419	0.330710669454181	0.831445345538668
1421	0.333378129220434	0.832617220585234
1422	0.334711434892012	0.833203158108518
1423	0.336044397562373	0.833789095631801
1424	0.337376970201226	0.834375033155084
1425	0.338709104432016	0.834960970678367
1426	0.340040750672975	0.83554690820165
1427	0.341371858282839	0.836132845724933
1428	0.342702375710672	0.836718783248216
1429	0.34403225064923	0.837304720771499
1430	0.345361430191278	0.837890658294782
1431	0.346689860988264	0.838476595818065
1432	0.348017489410754	0.839062533341348
1433	0.34934426171001	0.839648470864631
1434	0.350670124180114	0.840234408387914
1435	0.351995023320021	0.840820345911197
1436	0.353318905994923	0.84140628343448
1437	0.354641719596351	0.841992220957763
1438	0.355963412200375	0.842578158481047
1439	0.357283932723361	0.84316409600433
1440	0.358603231074677	0.843750033527613
1441	0.359921258305801	0.844335971050896
1442	0.361237966755292	0.844921908574179
1443	0.362553310189095	0.845507846097462
1444	0.363867243935666	0.846093783620745
1445	0.36517972501546	0.846679721144028
1446	0.366490712264309	0.847265658667311
1447	0.36780016645027	0.847851596190594
1448	0.369108050383531	0.848437533713877
1449	0.370414329019037	0.84902347123716
1450	0.371718969551453	0.849609408760443
1452	0.374323216798263	0.850781283807009
1453	0.375622769842582	0.851367221330293
1454	0.376920577575737	0.851953158853576
1455	0.378216619528871	0.852539096376859
1456	0.379510877867645	0.853125033900142
1457	0.38080333742717	0.853710971423425
1458	0.382093985737858	0.854296908946708
1459	0.383382813042162	0.854882846469991
1460	0.384669812302258	0.855468783993274
1461	0.385954979198682	0.856054721516557
1462	0.387238312120057	0.85664065903984
1463	0.388519812144011	0.857226596563123
1464	0.389799483009461	0.857812534086406
1465	0.391077331080444	0.858398471609689
1466	0.392353365301743	0.858984409132972
1467	0.393627597146541	0.859570346656255
1468	0.394900040556401	0.860156284179538
1469	0.39617071187389	0.860742221702822
1470	0.397439629768165	0.861328159226105
1471	0.398706815153901	0.861914096749388
1472	0.399972291103933	0.862500034272671
1473	0.401236082756025	0.863085971795954
1474	0.402498217214165	0.863671909319237
1475	0.403758723444852	0.86425784684252
1476	0.40501763216878	0.864843784365803
1477	0.406274975748441	0.865429721889086
1478	0.407530788072038	0.866015659412369
1479	0.408785104434242	0.866601596935652
1480	0.410037961414254	0.867187534458935
1481	0.411289396751632	0.867773471982218
1482	0.412539449220407	0.868359409505501
1483	0.413788158501904	0.868945347028784
1484	0.41503556505681	0.869531284552068
1485	0.416281709996901	0.870117222075351
1486	0.417526634956919	0.870703159598634
1487	0.41877038196703	0.871289097121917
1488	0.420012993326306	0.8718750346452
1489	0.421254511477662	0.872460972168483
1490	0.42249497888463	0.873046909691766
1491	0.423734437910376	0.873632847215049
1493	0.426210499061885	0.874804722261615
1494	0.427447184362082	0.875390659784898
1495	0.428683027409326	0.875976597308181
1496	0.429918068353678	0.876562534831464
1497	0.431152346585431	0.877148472354747
1498	0.432385900639045	0.87773440987803
1499	0.433618768101714	0.878320347401313
1500	0.434850985526722	0.878906284924597
1501	0.436082588351763	0.87949222244788
1502	0.437313610822368	0.880078159971163
1503	0.438544085920551	0.880664097494446
1505	0.441003519219243	0.881835972541012
1506	0.442232536498721	0.882421910064295
1507	0.443461124458637	0.883007847587578
1508	0.444689308880728	0.883593785110861
1509	0.445917113968024	0.884179722634144
1510	0.447144562311211	0.884765660157427
1511	0.448371674860242	0.88535159768071
1512	0.449598470901151	0.885937535203993
1514	0.452051182179396	0.887109410250559
1515	0.453277127530767	0.887695347773843
1516	0.454502816589996	0.888281285297126
1517	0.455728260148511	0.888867222820409
1518	0.456953467296257	0.889453160343692
1519	0.458178445430825	0.890039097866975
1520	0.459403200270479	0.890625035390258
1521	0.460627735870838	0.891210972913541
1522	0.46185205464501	0.891796910436824
1523	0.463076157386947	0.892382847960107
1524	0.464300043297774	0.89296878548339
1525	0.465523710014888	0.893554723006673
1526	0.466747153643554	0.894140660529956
1527	0.467970368790784	0.894726598053239
1528	0.469193348601252	0.895312535576522
1529	0.470416084795008	0.895898473099805
1530	0.471638567706786	0.896484410623088
1531	0.472860786326629	0.897070348146372
1532	0.474082728341653	0.897656285669655
1533	0.475304380178728	0.898242223192938
1534	0.47652572704785	0.898828160716221
1535	0.477746752986017	0.899414098239504
1536	0.478967440901428	0.900000035762787
1537	0.480187772617795	0.90058597328607
1538	0.48140772891865	0.901171910809353
1539	0.482627289591436	0.901757848332636
1540	0.483846433471256	0.902343785855919
1541	0.485065138484171	0.902929723379202
1542	0.486283381689871	0.903515660902485
1543	0.487501139323668	0.904101598425768
1545	0.489935098941063	0.905273473472334
1546	0.49115124963949	0.905859410995618
1547	0.492366812273334	0.906445348518901
1548	0.493581759555008	0.907031286042184
1549	0.494796063605137	0.907617223565467
1550	0.496009695987626	0.90820316108875
1551	0.49722262774362	0.908789098612033
1552	0.498434829424342	0.909375036135316
1553	0.499646271122846	0.909960973658599
1554	0.50085692250469	0.910546911181882
1555	0.502066752837567	0.911132848705165
1556	0.503275731019968	0.911718786228448
1557	0.504483825608874	0.912304723751731
1558	0.505691004846603	0.912890661275014
1559	0.506897236686822	0.913476598798297
1560	0.508102488819857	0.91406253632158
1561	0.509306728697317	0.914648473844863
1562	0.510509923556185	0.915234411368147
1563	0.511712040442409	0.91582034889143
1564	0.512913046234117	0.916406286414713
1565	0.514112907664553	0.916992223937996
1566	0.515311591344807	0.917578161461279
1567	0.516509063786461	0.918164098984562
1568	0.517705291424224	0.918750036507845
1569	0.518900240638692	0.919335974031128
1570	0.52009387777926	0.919921911554411
1571	0.521286169187357	0.920507849077694
1572	0.522477081220031	0.921093786600977
1573	0.523666580273995	0.92167972412426
1574	0.52485463281021	0.922265661647543
1575	0.52604120537907	0.922851599170826
1576	0.527226264646276	0.923437536694109
1577	0.528409777419443	0.924023474217393
1578	0.529591710675489	0.924609411740676
1579	0.530772031588888	0.925195349263959
1580	0.531950707560777	0.925781286787242
1581	0.533127706248978	0.926367224310525
1582	0.534302995598976	0.926953161833808
1583	0.535476543875795	0.927539099357091
1584	0.536648319696871	0.928125036880374
1585	0.537818292065829	0.928710974403657
1586	0.538986430407221	0.92929691192694
1587	0.540152704602155	0.929882849450223
1588	0.541317085024787	0.930468786973506
1589	0.542479542579673	0.931054724496789
1590	0.543640048739877	0.931640662020072
1591	0.544798575585814	0.932226599543355
1592	0.545955095844743	0.932812537066638
1594	0.548262010985728	0.933984412113205
1595	0.549412354919519	0.934570349636488
1596	0.550560590452	0.935156287159771
1597	0.551706694154134	0.935742224683054
1598	0.552850643489604	0.936328162206337
1599	0.553992416856335	0.93691409972962
1600	0.555131993627846	0.937500037252903
1601	0.556269354194342	0.938085974776186
1602	0.557404480003381	0.938671912299469
1603	0.5585373536	0.939257849822752
1604	0.559667958666166	0.939843787346035
1605	0.560796280059399	0.940429724869318
1606	0.561922303850454	0.941015662392601
1607	0.56304601735988	0.941601599915884
1608	0.564167409193377	0.942187537439167
1609	0.565286469275757	0.942773474962451
1610	0.566403188883401	0.943359412485734
1611	0.567517560675081	0.943945350009017
1612	0.568629578721002	0.9445312875323
1613	0.569739238529939	0.945117225055583
1614	0.57084653707437	0.945703162578866
1615	0.571951472813447	0.946289100102149
1616	0.573054045713727	0.946875037625432
1617	0.574154257267545	0.947460975148715
1618	0.575252110508929	0.948046912671998
1619	0.576347610026971	0.948632850195281
1620	0.577440761976552	0.949218787718564
1621	0.578531574086383	0.949804725241847
1623	0.580706217599446	0.950976600288413
1624	0.581790072362288	0.951562537811697
1625	0.582871634000759	0.95214847533498
1626	0.583950918134173	0.952734412858263
1627	0.585027941943862	0.953320350381546
1628	0.586102724160896	0.953906287904829
1629	0.587175285050834	0.954492225428112
1630	0.588245646395475	0.955078162951395
1631	0.589313831471692	0.955664100474678
1632	0.59037986502733	0.956250037997961
1633	0.591443773254233	0.956835975521244
1634	0.592505583758436	0.957421913044527
1635	0.593565325527606	0.95800785056781
1636	0.594623028895776	0.958593788091093
1637	0.595678725505448	0.959179725614376
1638	0.596732448267181	0.959765663137659
1639	0.597784231316733	0.960351600660942
1640	0.598834109969866	0.960937538184226
1641	0.599882120674922	0.961523475707509
1642	0.600928300963298	0.962109413230792
1643	0.601972689397927	0.962695350754075
1644	0.603015325519908	0.963281288277358
1645	0.604056249793401	0.963867225800641
1646	0.605095503548945	0.964453163323924
1647	0.606133128925342	0.965039100847207
1648	0.607169168810217	0.96562503837049
1649	0.608203666779451	0.966210975893773
1650	0.609236667035596	0.966796913417056
1651	0.610268214345472	0.967382850940339
1652	0.611298353977024	0.967968788463622
1653	0.612327131635668	0.968554725986905
1654	0.613354593400237	0.969140663510188
1655	0.614380785658674	0.969726601033472
1656	0.615405755043636	0.970312538556755
1657	0.616429548368153	0.970898476080038
1658	0.617452212561476	0.971484413603321
1659	0.618473794605252	0.972070351126604
1660	0.619494341470182	0.972656288649887
1661	0.620513900053263	0.97324222617317
1662	0.621532517115752	0.973828163696453
1663	0.62255023922198	0.974414101219736
1664	0.623567112679119	0.975000038743019
1665	0.624583183478005	0.975585976266302
1666	0.625598497235136	0.976171913789585
1667	0.626613099135921	0.976757851312868
1668	0.627627033879267	0.977343788836151
1669	0.628640345623599	0.977929726359434
1670	0.629653077934373	0.978515663882717
1671	0.630665273733145	0.979101601406001
1672	0.631676975248255	0.979687538929284
1673	0.632688223967184	0.980273476452567
1674	0.63369906059061	0.98085941397585
1675	0.634709524988216	0.981445351499133
1676	0.635719656156248	0.982031289022416
1677	0.636729492176878	0.982617226545699
1678	0.637739070179366	0.983203164068982
1679	0.638748426303012	0.983789101592265
1680	0.639757595661933	0.984375039115548
1681	0.640766612311621	0.984960976638831
1682	0.641775509217303	0.985546914162114
1683	0.642784318224064	0.986132851685397
1684	0.643793070028694	0.98671878920868
1685	0.64480179415328	0.987304726731963
1686	0.645810518920463	0.987890664255247
1687	0.646819271430346	0.98847660177853
1688	0.647828077538999	0.989062539301813
1689	0.648836961838554	0.989648476825096
1691	0.650855056950162	0.990820351871662
1692	0.651864310468373	0.991406289394945
1693	0.652873727560138	0.991992226918228
1694	0.653883326250407	0.992578164441511
1695	0.6548931232108	0.993164101964794
1696	0.655903133749263	0.993750039488077
1697	0.656913371800897	0.99433597701136
1698	0.657923849919886	0.994921914534643
1699	0.658934579272534	0.995507852057926
1701	0.660956829369689	0.996679727104492
1702	0.661968365458454	0.997265664627776
1703	0.662980183462183	0.997851602151059
1704	0.663992287537122	0.998437539674342
1705	0.665004680429682	0.999023477197625
1706	0.666017363475773	0.999609414720908
1707	0.667030336600887	1.00019535224419
1708	0.668043598320952	1.00078128976747
1709	0.66905714574391	1.00136722729076
1711	0.671085079104771	1.00253910233732
1712	0.672099452242747	1.00312503986061
1713	0.673114085491849	1.00371097738389
1714	0.674128968968454	1.00429691490717
1715	0.675144091405192	1.00488285243046
1716	0.676159440157452	1.00546878995374
1717	0.677175001210578	1.00605472747702
1718	0.678190759187838	1.0066406650003
1719	0.679206697359144	1.00722660252359
1720	0.680222797650525	1.00781254004687
1721	0.681239040654429	1.00839847757015
1722	0.682255405640858	1.00898441509344
1723	0.683271870569344	1.00957035261672
1724	0.68428841210183	1.01015629014
1725	0.685305005616484	1.01074222766329
1726	0.686321625222455	1.01132816518657
1727	0.687338243775645	1.01191410270985
1728	0.688354832895511	1.01250004023314
1729	0.689371362982935	1.01308597775642
1730	0.690387803239205	1.0136719152797
1731	0.691404121686147	1.01425785280298
1732	0.692420285187434	1.01484379032627
1733	0.693436259471136	1.01542972784955
1734	0.69445200915349	1.01601566537283
1735	0.695467497763994	1.01660160289612
1736	0.696482687771803	1.0171875404194
1737	0.697497540613477	1.01777347794268
1738	0.698512016722104	1.01835941546597
1739	0.699526075557832	1.01894535298925
1740	0.700539675639815	1.01953129051253
1741	0.701552774579603	1.02011722803582
1742	0.702565329115979	1.0207031655591
1743	0.703577295151266	1.02128910308238
1744	0.704588627789115	1.02187504060566
1745	0.705599281373735	1.02246097812895
1746	0.706609209530625	1.02304691565223
1747	0.707618365208764	1.02363285317551
1748	0.708626700724235	1.0242187906988
1749	0.709634167805303	1.02480472822208
1750	0.710640717638913	1.02539066574536
1751	0.711646300918547	1.02597660326865
1752	0.712650867893476	1.02656254079193
1753	0.713654368419326	1.02714847831521
1754	0.714656752009879	1.02773441583849
1755	0.715657967890191	1.02832035336178
1756	0.716657965050817	1.02890629088506
1757	0.717656692303195	1.02949222840834
1758	0.718654098336113	1.03007816593163
1759	0.719650131773127	1.03066410345491
1760	0.720644741230954	1.03125004097819
1761	0.721637875378697	1.03183597850148
1762	0.722629482997837	1.03242191602476
1763	0.723619513042934	1.03300785354804
1764	0.724607914702907	1.03359379107133
1765	0.725594637462846	1.03417972859461
1766	0.726579631166226	1.03476566611789
1767	0.727562846077429	1.03535160364117
1768	0.728544232944488	1.03593754116446
1769	0.729523743061952	1.03652347868774
1770	0.730501328333727	1.03710941621102
1771	0.731476941335822	1.03769535373431
1772	0.732450535378876	1.03828129125759
1773	0.733422064570345	1.03886722878087
1774	0.73439148387624	1.03945316630416
1775	0.735358749182309	1.04003910382744
1776	0.736323817354524	1.04062504135072
1778	0.73824719501966	1.04179691639729
1779	0.739205423678203	1.04238285392057
1780	0.740161293648473	1.04296879144385
1781	0.741114767572906	1.04355472896714
1782	0.742065809416243	1.04414066649042
1783	0.743014384517991	1.0447266040137
1784	0.74396045964327	1.04531254153699
1785	0.744904003031947	1.04589847906027
1786	0.74584498444596	1.04648441658355
1787	0.746783375214691	1.04707035410684
1788	0.74771914827835	1.04765629163012
1789	0.748652278229201	1.0482422291534
1790	0.749582741350619	1.04882816667669
1792	0.751435580911987	1.05000004172325
1793	0.752357918692594	1.05058597924653
1794	0.753277512386236	1.05117191676982
1795	0.754194347233564	1.0517578542931
1797	0.756019690743162	1.05292972933967
1798	0.756928179338977	1.05351566686295
1799	0.75783386898961	1.05410160438623
1800	0.758736754489984	1.05468754190952
1801	0.75963683258679	1.0552734794328
1802	0.760534101985253	1.05585941695608
1803	0.761428563352925	1.05644535447937
1804	0.762320219320461	1.05703129200265
1805	0.763209074479352	1.05761722952593
1806	0.764095135376621	1.05820316704921
1808	0.765858910298978	1.05937504209578
1809	0.766736647105513	1.05996097961906
1810	0.767611635181513	1.06054691714235
1811	0.768483890665961	1.06113285466563
1812	0.769353431558072	1.06171879218891
1813	0.770220277691006	1.0623047297122
1814	0.771084450702706	1.06289066723548
1815	0.771945974003921	1.06347660475876
1816	0.772804872743428	1.06406254228204
1817	0.773661173770566	1.06464847980533
1818	0.774514905595094	1.06523441732861
1819	0.775366098344471	1.06582035485189
1820	0.776214783718646	1.06640629237518
1821	0.777060994942402	1.06699222989846
1823	0.778746135159802	1.06816410494503
1824	0.779585137766156	1.06875004246831
1825	0.780421813336665	1.06933597999159
1826	0.781256201926944	1.06992191751488
1827	0.782088344785717	1.07050785503816
1828	0.782918284292856	1.07109379256144
1829	0.783746063895766	1.07167973008472
1830	0.784571728044277	1.07226566760801
1831	0.785395322124148	1.07285160513129
1832	0.786216892389304	1.07343754265457
1833	0.787036485892932	1.07402348017786
1834	0.787854150417586	1.07460941770114
1835	0.788669934404359	1.07519535522442
1836	0.789483886881342	1.07578129274771
1837	0.790296057391442	1.07636723027099
1838	0.791106495919702	1.07695316779427
1839	0.791915252820245	1.07753910531756
1840	0.79272237874303	1.07812504284084
1841	0.793527924560442	1.07871098036412
1843	0.795134480041072	1.07988285541069
1844	0.795935591902172	1.08046879293397
1845	0.796735327908314	1.08105473045725
1846	0.7975337389492	1.08164066798054
1847	0.798330875701953	1.08222660550382
1848	0.799126788560683	1.0828125430271
1849	0.799921527566969	1.08339848055039
1850	0.800715142341391	1.08398441807367
1851	0.801507682016205	1.08457035559695
1852	0.8022991951693	1.08515629312024
1853	0.80308972975955	1.08574223064352
1854	0.803879333063615	1.0863281681668
1855	0.804668051614377	1.08691410569008
1856	0.805455931141066	1.08750004321337
1857	0.806243016511151	1.08808598073665
1858	0.807029351674123	1.08867191825993
1859	0.80781497960727	1.08925785578322
1860	0.808599942263471	1.0898437933065
1861	0.809384280521138	1.09042973082978
1862	0.810168034136371	1.09101566835307
1863	0.810951241697363	1.09160160587635
1864	0.811733940581159	1.09218754339963
1865	0.81251616691281	1.09277348092292
1866	0.813297955526971	1.0933594184462
1867	0.814079339931995	1.09394535596948
1868	0.814860352276563	1.09453129349276
1869	0.815641023318906	1.09511723101605
1870	0.816421382398612	1.09570316853933
1871	0.817201457411091	1.09628910606261
1872	0.817981274784664	1.0968750435859
1873	0.818760859460353	1.09746098110918
1874	0.819540234874321	1.09804691863246
1875	0.820319422943014	1.09863285615575
1877	0.821877317041309	1.09980473120231
1878	0.822656059208868	1.10039066872559
1879	0.823434686296	1.10097660624888
1880	0.824213212490967	1.10156254377216
1882	0.825770011195551	1.10273441881873
1883	0.826548304332947	1.10332035634201
1884	0.827326537848346	1.10390629386529
1885	0.828104718224998	1.10449223138858
1887	0.82966093795758	1.10566410643514
1888	0.830438982791769	1.10625004395843
1889	0.831216985481749	1.10683598148171
1891	0.832772859454427	1.10800785652827
1892	0.833550724749979	1.10859379405156
1893	0.834328535981439	1.10917973157484
1894	0.835106286781091	1.10976566909812
1895	0.83588396948688	1.11035160662141
1896	0.836661575175773	1.11093754414469
1897	0.837439093698661	1.11152348166797
1898	0.838216513716757	1.11210941919126
1899	0.838993822739334	1.11269535671454
1900	0.839771007162785	1.11328129423782
1901	0.840548052310845	1.11386723176111
1903	0.842101660961386	1.11503910680767
1904	0.84287819012487	1.11562504433095
1905	0.843654511422221	1.11621098185424
1907	0.845206452002246	1.1173828569008
1908	0.845982030093494	1.11796879442409
1909	0.846757318027921	1.11855473194737
1910	0.847532293434559	1.11914066947065
1912	0.849081214097465	1.12031254451722
1913	0.849855111669773	1.1208984820405
1914	0.850628601440449	1.12148441956379
1915	0.851401658378593	1.12207035708707
1916	0.852174257061996	1.12265629461035
1917	0.852946371723552	1.12324223213363
1918	0.853717976297326	1.12382816965692
1919	0.85448904446415	1.1244141071802
1920	0.855259549696747	1.12500004470348
1921	0.856029465304212	1.12558598222677
1922	0.856798764475887	1.12617191975005
1923	0.857567420324472	1.12675785727333
1924	0.858335405928365	1.12734379479662
1925	0.859102694373151	1.1279297323199
1926	0.85986925879219	1.12851566984318
1927	0.860635072406208	1.12910160736647
1928	0.861400108561922	1.12968754488975
1929	0.862164340769549	1.13027348241303
1930	0.862927742739243	1.13085941993631
1931	0.863690288416339	1.1314453574596
1932	0.86445195201543	1.13203129498288
1933	0.865212708053175	1.13261723250616
1934	0.865972531379847	1.13320317002945
1935	0.866731397209589	1.13378910755273
1936	0.867489281149291	1.13437504507601
1938	0.869002007913729	1.13554692012258
1939	0.869756804156804	1.13613285764586
1940	0.870510525394504	1.13671879516914
1941	0.871263149582182	1.13730473269243
1942	0.87201465521174	1.13789067021571
1943	0.872765021330436	1.13847660773899
1944	0.873514227558207	1.13906254526228
1945	0.874262254103444	1.13964848278556
1947	0.875754692006109	1.14082035783213
1948	0.876499066843042	1.14140629535541
1949	0.877242188977151	1.14199223287869
1950	0.877984041741608	1.14257817040198
1951	0.878724609120062	1.14316410792526
1952	0.879463875751448	1.14375004544854
1953	0.880201826933213	1.14433598297182
1954	0.880938448622942	1.14492192049511
1955	0.881673727438389	1.14550785801839
1956	0.882407650655905	1.14609379554167
1957	0.88314020620728	1.14667973306496
1958	0.883871382674958	1.14726567058824
1959	0.884601169285687	1.14785160811152
1960	0.885329555902552	1.14843754563481
1961	0.886056533015421	1.14902348315809
1962	0.886782091729805	1.14960942068137
1963	0.887506223754133	1.15019535820466
1964	0.888228921385456	1.15078129572794
1965	0.888950177493578	1.15136723325122
1966	0.88966998550363	1.1519531707745
1967	0.890388339377098	1.15253910829779
1968	0.891105233591321	1.15312504582107
1969	0.89182066311746	1.15371098334435
1970	0.892534623396978	1.15429692086764
1971	0.89324711031662	1.15488285839092
1972	0.893958120181949	1.1554687959142
1973	0.894667649689425	1.15605473343749
1974	0.895375695897096	1.15664067096077
1975	0.896082256193873	1.15722660848405
1976	0.896787328267495	1.15781254600734
1977	0.897490910071155	1.15839848353062
1978	0.898192999788848	1.1589844210539
1979	0.898893595799513	1.15957035857718
1980	0.899592696639968	1.16015629610047
1981	0.900290300966725	1.16074223362375
1982	0.900986407516718	1.16132817114703
1983	0.901681015067018	1.16191410867032
1986	0.903755831220403	1.16367192124017
1987	0.904444429883938	1.16425785876345
1988	0.905131522562371	1.16484379628673
1989	0.905817107379218	1.16542973381002
1990	0.906501182193565	1.1660156713333
1991	0.907183744554346	1.16660160885658
1992	0.907864791654331	1.16718754637986
1993	0.908544320283943	1.16777348390315
1994	0.909222326785039	1.16835942142643
1996	0.910573756249442	1.169531296473
1998	0.911919040062193	1.17070317151956
1999	0.912589362130624	1.17128910904285
2000	0.913258128136175	1.17187504656613
2001	0.913925330007146	1.17246098408941
2002	0.914590958866249	1.17304692161269
2003	0.915255004989566	1.17363285913598
2004	0.915917457766783	1.17421879665926
2005	0.916578305662826	1.17480473418254
2006	0.917237536181053	1.17539067170583
2007	0.917895135828149	1.17597660922911
2008	0.918551090080867	1.17656254675239
2009	0.919205383354737	1.17714848427568
2011	0.920508919149401	1.17832035932224
2012	0.921158124944333	1.17890629684553
2013	0.921805596262271	1.17949223436881
2014	0.922451311822777	1.18007817189209
2015	0.923095249145935	1.18066410941537
2016	0.923737384538729	1.18125004693866
2017	0.924377693084407	1.18183598446194
2018	0.925016148634969	1.18242192198522
2019	0.925652723806828	1.18300785950851
2020	0.926287389979744	1.18359379703179
2021	0.926920117299114	1.18417973455507
2022	0.92755087468166	1.18476567207836
2023	0.928179629824569	1.18535160960164
2024	0.92880634921816	1.18593754712492
2025	0.929430998162038	1.18652348464821
2026	0.930053540784835	1.18710942217149
2027	0.930673940067466	1.18769535969477
2028	0.931292157869938	1.18828129721805
2029	0.931908154961674	1.18886723474134
2030	0.932521891055322	1.18945317226462
2031	0.933133324843978	1.1900391097879
2032	0.933742414041794	1.19062504731119
2033	0.934349115427887	1.19121098483447
2034	0.934953384893413	1.19179692235775
2035	0.935555177491795	1.19238285988104
2037	0.936751148434054	1.1935547349276
2038	0.937345233188873	1.19414067245089
2039	0.937936654018531	1.19472660997417
2042	0.939694447805979	1.19648442254402
2043	0.940274725664812	1.1970703600673
2044	0.940852094088157	1.19765629759058
2045	0.941426503097756	1.19824223511387
2046	0.941997902593324	1.19882817263715
2047	0.942566242427809	1.19941411016043
2048	0.943131472483477	1.20000004768372
2050	0.944252403394225	1.20117192273028
2051	0.944808004851814	1.20175786025357
2052	0.945360297889758	1.20234379777685
2054	0.946454763925882	1.20351567282341
2055	0.946996840834012	1.2041016103467
2056	0.947535417292174	1.20468754786998
2057	0.948070446890747	1.20527348539326
2058	0.948601884004838	1.20585942291655
2059	0.94912968386445	1.20644536043983
2061	0.950174197422955	1.2076172354864
2064	0.951712625679918	1.20937504805624
2065	0.952217718067384	1.20996098557953
2067	0.953216103480329	1.21113286062609
2069	0.954198525673311	1.21230473567266
2070	0.954683669398228	1.21289067319594
2071	0.955164727897395	1.21347661071923
2072	0.955641672862487	1.21406254824251
2073	0.956114477564703	1.21464848576579
2074	0.956583116883697	1.21523442328908
2076	0.957507807082918	1.21640629833564
2077	0.957963815977984	1.21699223585892
2078	0.95841557555385	1.21757817338221
2079	0.958863069048786	1.21816411090549
2082	0.960179811136872	1.21992192347534
2085	0.961457719787456	1.22167973604519
2087	0.962287992733005	1.22285161109176
2090	0.963500857838273	1.2246094236616
2091	0.963896473591827	1.22519536118489
2092	0.964287760187771	1.22578129870817
2093	0.964674724276591	1.22636723623145
2094	0.965057374043901	1.22695317375474
2095	0.965435719180373	1.22753911127802
2096	0.965809770850013	1.2281250488013
2097	0.966179541656861	1.22871098632459
2098	0.966545045610252	1.22929692384787
2099	0.966906298088789	1.22988286137115
2100	0.96726331580312	1.23046879889444
2101	0.967616116757668	1.23105473641772
2102	0.967964720211414	1.231640673941
2103	0.968309146637882	1.23222661146428
2104	0.968649417684403	1.23281254898757
2105	0.968985556130816	1.23339848651085
2106	0.969317585847684	1.23398442403413
2108	0.969969419775497	1.2351562990807
2109	0.970289276800614	1.23574223660398
2110	0.970605130639319	1.23632817412727
2111	0.970917009979744	1.23691411165055
2112	0.971224944345827	1.23750004917383
2113	0.971528964054982	1.23808598669712
2114	0.971829100176051	1.2386719242204
2115	0.972125384487597	1.23925786174368
2116	0.972417849436601	1.23984379926696
2117	0.972706528097653	1.24042973679025
2118	0.972991454132659	1.24101567431353
2119	0.973272661751156	1.24160161183681
2120	0.973550185671268	1.2421875493601
2122	0.974094323602362	1.24335942440666
2123	0.974361009251039	1.24394536192995
2124	0.974624154403826	1.24453129945323
2125	0.974883795761698	1.24511723697651
2126	0.975139970315819	1.24570317449979
2127	0.975392715314091	1.24628911202308
2128	0.975642068228626	1.24687504954636
2129	0.975888066724136	1.24746098706964
2130	0.976130748627267	1.24804692459293
2132	0.976606314595295	1.24921879963949
2133	0.976839274860504	1.24980473716278
2136	0.977519323015335	1.25156254973263
2137	0.96105679353458	1.25214848725591
2138	0.944591545866185	1.25273442477919
2139	0.928131566608292	1.25332036230247
2140	0.911684817219581	1.25390629982576
2141	0.895259222947966	1.25449223734904
2142	0.878862661865449	1.25507817487232
2143	0.862502954034331	1.25566411239561
2144	0.84618785082933	1.25625004991889
2145	0.829925024439726	1.25683598744217
2146	0.813722057574893	1.25742192496546
2147	0.797586433395979	1.25800786248874
2150	0.749656751040798	1.25976567505859
2152	0.718172181022025	1.26093755010515
2153	0.702590982854532	1.26152348762844
2154	0.687125933614609	1.26210942515172
2156	0.656569538308482	1.26328130019829
2157	0.641490371987817	1.26386723772157
2158	0.626551700978811	1.26445317524485
2159	0.611759137944276	1.26503911276814
2160	0.597118094342801	1.26562505029142
2161	0.582633775371212	1.2662109878147
2164	0.540170030532173	1.26796880038455
2165	0.526360384773741	1.26855473790783
2166	0.512730249982651	1.26914067543112
2167	0.499283512686989	1.2697266129544
2168	0.486023830350187	1.27031255047768
2169	0.472954629923836	1.27089848800097
2170	0.46007910684634	1.27148442552425
2171	0.447400224482202	1.27207036304753
2172	0.434920713995563	1.27265630057082
2174	0.410569574530504	1.27382817561738
2175	0.398702251664935	1.27441411314066
2176	0.387042915556754	1.27500005066395
2177	0.375593149095581	1.27558598818723
2178	0.364354310846803	1.27617192571051
2180	0.342513747883813	1.27734380075708
2181	0.331913644271252	1.27792973828036
2182	0.321527718063552	1.27851567580365
2183	0.311356252734253	1.27910161332693
2184	0.301399328279398	1.27968755085021
2185	0.291656825737005	1.2802734883735
2186	0.282128431962123	1.28085942589678
2188	0.263711777524006	1.28203130094334
2189	0.254821965869627	1.28261723846663
2190	0.246143172066017	1.28320317598991
2192	0.229413658147172	1.28437505103648
2194	0.213511701385881	1.28554692608304
2195	0.205866795956479	1.28613286360633
2197	0.191179395371506	1.28730473865289
2198	0.184132620725181	1.28789067617618
2200	0.170621339036522	1.28906255122274
2201	0.164151872024878	1.28964848874602
2202	0.157869714811743	1.29023442626931
2203	0.15177214803057	1.29082036379259
2205	0.140119494404739	1.29199223883916
2207	0.12917059005736	1.29316411388572
2208	0.123952465995054	1.29375005140901
2209	0.118901073014165	1.29433598893229
2210	0.114013235427085	1.29492192645557
2212	0.104715324901728	1.29609380150214
2213	0.100298718853349	1.29667973902542
2215	0.0919136830652059	1.29785161407199
2216	0.0879385909716442	1.29843755159527
2217	0.0841039899751224	1.29902348911855
2218	0.0804065293895538	1.29960942664184
2219	0.0768428592354366	1.30019536416512
2220	0.0734096346958473	1.3007813016884
2221	0.0701035203928993	1.30136723921169
2222	0.06692119448216	1.30195317673497
2223	0.0638593525631185	1.30253911425825
2224	0.0609147114043458	1.30312505178154
2225	0.0580840124825425	1.30371098930482
2226	0.0553640253351919	1.3042969268281
2227	0.0527515507270417	1.30488286435138
2228	0.0502434236311207	1.30546880187467
2229	0.0478365160254569	1.30605473939795
2230	0.0455277395071011	1.30664067692123
2231	0.0433140477254746	1.30722661444452
2232	0.0411924386374453	1.3078125519678
2233	0.0391599565869082	1.30839848949108
2234	0.0372136942119799	1.30898442701437
2235	0.0353507941832373	1.30957036453765
2236	0.0335684507767183	1.31015630206093
2237	0.0318639112856711	1.31074223958421
2238	0.0302344772752791	1.3113281771075
2239	0.0286775056848076	1.31191411463078
2240	0.0271904097818111	1.31250005215406
2241	0.0257706599732107	1.31308598967735
2242	0.0244157844782028	1.31367192720063
2243	0.0231233698680795	1.31425786472391
2244	0.0218910614781504	1.3148438022472
2245	0.0207165636970392	1.31542973977048
2247	0.0185321137024333	1.31660161481705
2248	0.0175178665266114	1.31718755234033
2249	0.0165528398410096	1.31777348986361
2250	0.0156350337236615	1.31835942738689
2251	0.0147625067673044	1.31894536491018
2252	0.0139333756608536	1.31953130243346
2253	0.013145814691175	1.32011723995674
2254	0.0123980551703678	1.32070317748003
2255	0.0116883847936928	1.32128911500331
2257	0.0103767398719261	1.32246099004988
2259	0.00919828086294588	1.32363286509644
2260	0.00865529240932798	1.32421880261973
2261	0.00814125987162878	1.32480474014301
2263	0.00719475029644407	1.32597661518957
2264	0.00675973941067614	1.32656255271286
2265	0.0063486146132888	1.32714849023614
2266	0.00596022642186818	1.32773442775942
2267	0.00559347034044243	1.32832036528271
2268	0.00524728573003765	1.32890630280599
2269	0.00492065466865541	1.32949224032927
2274	0.00354802063606946	1.33242192794569
2275	0.00331958171201845	1.33300786546897
2276	0.00310467031708111	1.33359380299225
2277	0.00290256889258728	1.33417974051554
2279	0.00253408678719018	1.3353516155621
2280	0.00236642876069048	1.33593755308539
2281	0.00220902385208281	1.33652349060867
2282	0.00206130579306178	1.33710942813195
2283	0.00192273539237656	1.33769536565524
2284	0.00179279951834004	1.33828130317852
2285	0.00167101010173279	1.3388672407018
2286	0.00155690315991129	1.33945317822509
2287	0.00145003784282315	1.34003911574837
2288	0.00134999550153027	1.34062505327165
2290	0.0011688107287882	1.34179692831822
2291	0.00108693394630469	1.3423828658415
2292	0.00101040973896317	1.34296880336478
2293	0.000938917309323008	1.34355474088807
2294	0.00087215296695186	1.34414067841135
2295	0.000809829363822999	1.34472661593463
2296	0.000751674753954498	1.34531255345792
2297	0.000697432277193852	1.3458984909812
2298	0.000646859266997275	1.34648442850448
2299	0.000599726582002672	1.34707036602776
2300	0.000555817961149135	1.34765630355105
2301	0.000514929402053777	1.34824224107433
2302	0.000476868562318283	1.34882817859761
2303	0.000441454183403076	1.3494141161209
2304	0.000408515536675854	1.35000005364418
2305	0.000377891891213583	1.35058599116746
2306	0.000349432002912606	1.35117192869075
2309	0.000275654593206038	1.3529297412606
2311	0.000234899398226475	1.35410161630716
2313	0.000199868547586141	1.35527349135373
2314	0.000184259800481056	1.35585942887701
2315	0.000169806143435094	1.35644536640029
2316	0.000156427436457539	1.35703130392358
2317	0.0001440486695762	1.35761724144686
2319	0.000122014810331918	1.35878911649343
2320	0.000112232764339432	1.35937505401671
2322	9.48517072112416E-05	1.36054692906328
2323	8.71492540896174E-05	1.36113286658656
2324	8.00422845827136E-05	1.36171880410984
2325	7.348735711892E-05	1.36230474163312
2326	6.74439823420961E-05	1.36289067915641
2327	6.18744399532907E-05	1.36347661667969
2328	5.67436055607747E-05	1.36406255420297
2329	5.20187870931639E-05	1.36464849172626
2330	4.76695703426847E-05	1.36523442924954
2331	4.36676732181836E-05	1.36582036677282
2332	3.99868083001935E-05	1.36640630429611
2334	3.34922290634732E-05	1.36757817934267
2335	3.06347846827524E-05	1.36816411686596
2336	2.80106894731169E-05	1.36875005438924
2337	2.56018313586352E-05	1.36933599191252
2338	2.33914214042881E-05	1.3699219294358
2340	1.95048734745911E-05	1.37109380448237
2341	1.78009936071571E-05	1.37167974200565
2342	1.62399251546642E-05	1.37226567952894
2343	1.48102557274576E-05	1.37285161705222
2344	1.35014349951793E-05	1.3734375545755
2345	1.23037138973571E-05	1.37402349209879
2346	1.12080877781731E-05	1.37460942962207
2347	1.02062432214264E-05	1.37519536714535
2348	9.29050837218557E-06	1.37578130466864
2351	6.99191408937368E-06	1.37753911723848
2353	5.77428134395007E-06	1.37871099228505
2355	4.76166211514094E-06	1.37988286733162
2356	4.32164066735024E-06	1.3804688048549
2357	3.9208361310546E-06	1.38105474237818
2359	3.22373253105909E-06	1.38222661742475
2360	2.92152396561706E-06	1.38281255494803
2362	2.39679781284181E-06	1.3839844299946
2363	2.16971692181586E-06	1.38457036751788
2364	1.96342963954759E-06	1.38515630504116
2365	1.77610358600187E-06	1.38574224256445
2366	1.60606091448768E-06	1.38632818008773
2367	1.45176593238147E-06	1.38691411761101
2368	1.3118136538524E-06	1.3875000551343
2369	1.18491921970433E-06	1.38808599265758
2370	1.06990812351293E-06	1.38867193018086
2372	8.71336231899511E-07	1.38984380522743
2373	7.85900396650242E-07	1.39042974275071
2375	6.38639284497178E-07	1.39160161779728
2376	5.75389862416734E-07	1.39218755532056
2377	5.18215723100979E-07	1.39277349284384
2378	4.66552868841913E-07	1.39335943036713
2379	4.19887684827889E-07	1.39394536789041
2383	2.74463179670239E-07	1.39628911798354
2384	2.46562926370327E-07	1.39687505550683
2385	2.21418566029592E-07	1.39746099303011
2387	1.78367060672471E-07	1.39863286807667
2388	1.60003401113356E-07	1.39921880559996
