21166	0.0001	1.01463241738711
21238	0.0002	1.01808387415985
21279	0.0003	1.02004928704433
21310	0.0004	1.02153533093259
21322	0.0005	1.02211057372805
21339	0.0006	1.02292550102162
21349	0.0007	1.02340487001783
21358	0.0008	1.02383630211442
21389	0.0009	1.02532234600269
21401	0.001	1.02589758879814
21453	0.0011	1.02839030757846
21456	0.0012	1.02853411827732
21469	0.0013	1.0291572979724
21487	0.0014	1.03002016216559
21506	0.0015	1.03093096325839
21524	0.0016	1.03179382745158
21531	0.0017	1.03212938574893
21535	0.0018	1.03232113334742
21544	0.0019	1.03275256544401
21586	0.002	1.03476591522811
21590	0.0021	1.03495766282659
21610	0.0022	1.03591640081902
21633	0.0023	1.03701894951031
21639	0.0024	1.03730657090804
21661	0.0025	1.03836118269971
21665	0.0026	1.0385529302982
21669	0.0027	1.03874467789669
21683	0.0028	1.03941579449139
21699	0.0029	1.04018278488533
21737	0.003	1.04200438707094
21739	0.0031	1.04210026087019
21741	0.0032	1.04219613466943
21746	0.0033	1.04243581916754
21747	0.0034	1.04248375606716
21754	0.0035	1.04281931436451
21763	0.0036	1.0432507464611
21764	0.0037	1.04329868336072
21766	0.0038	1.04339455715996
21768	0.0039	1.04349043095921
21777	0.004	1.0439218630558
21785	0.0041	1.04430535825277
21787	0.0042	1.04440123205201
21794	0.0043	1.04473679034936
21807	0.0044	1.04535997004444
21811	0.0045	1.04555171764293
21815	0.0046	1.04574346524141
21820	0.0047	1.04598314973952
21822	0.0048	1.04607902353876
21831	0.0049	1.04651045563536
21835	0.005	1.04670220323384
21841	0.0051	1.04698982463157
21847	0.0052	1.0472774460293
21848	0.0054	1.04732538292892
21849	0.0055	1.04737331982854
21850	0.0056	1.04742125672816
21852	0.0059	1.04751713052741
21855	0.006	1.04766094122627
21858	0.0061	1.04780475192514
21859	0.0063	1.04785268882476
21864	0.0064	1.04809237332286
21867	0.0065	1.04823618402173
21874	0.0066	1.04857174231908
21879	0.0067	1.04881142681719
21882	0.0068	1.04895523751605
21886	0.0069	1.04914698511454
21890	0.007	1.04933873271302
21895	0.0071	1.04957841721113
21901	0.0072	1.04986603860886
21902	0.0074	1.04991397550848
21910	0.0075	1.05029747070545
21913	0.0076	1.05044128140431
21916	0.0077	1.05058509210318
21918	0.0078	1.05068096590242
21922	0.0079	1.05087271350091
21923	0.008	1.05092065040053
21926	0.0082	1.05106446109939
21932	0.0083	1.05135208249712
21933	0.0085	1.05140001939674
21934	0.0086	1.05144795629636
21935	0.0087	1.05149589319599
21937	0.0089	1.05159176699523
21940	0.009	1.05173557769409
21948	0.0091	1.05211907289106
21949	0.0092	1.05216700979069
21955	0.0093	1.05245463118841
21958	0.0094	1.05259844188728
21962	0.0095	1.05279018948576
21964	0.0096	1.05288606328501
21965	0.0097	1.05293400018463
21970	0.0098	1.05317368468274
21972	0.0099	1.05326955848198
21973	0.01	1.0533174953816
21976	0.0101	1.05346130608046
21978	0.0102	1.05355717987971
21983	0.0103	1.05379686437781
21984	0.0104	1.05384480127744
21987	0.0105	1.0539886119763
21989	0.0107	1.05408448577554
21993	0.0108	1.05427623337403
21994	0.0109	1.05432417027365
21997	0.0111	1.05446798097251
22001	0.0112	1.054659728571
22002	0.0113	1.05470766547062
22004	0.0114	1.05480353926986
22006	0.0116	1.05489941306911
22011	0.0117	1.05513909756721
22015	0.0118	1.0553308451657
22016	0.0119	1.05537878206532
22017	0.012	1.05542671896494
22023	0.0121	1.05571434036267
22027	0.0122	1.05590608796116
22029	0.0123	1.0560019617604
22030	0.0124	1.05604989866002
22031	0.0125	1.05609783555964
22037	0.0126	1.05638545695737
22038	0.0127	1.05643339385699
22039	0.0128	1.05648133075661
22042	0.0129	1.05662514145548
22043	0.013	1.0566730783551
22046	0.0131	1.05681688905396
22049	0.0133	1.05696069975283
22052	0.0134	1.05710451045169
22054	0.0135	1.05720038425094
22055	0.0136	1.05724832115056
22057	0.0137	1.0573441949498
22058	0.0138	1.05739213184942
22059	0.0139	1.05744006874904
22062	0.014	1.05758387944791
22063	0.0142	1.05763181634753
22064	0.0144	1.05767975324715
22065	0.0145	1.05772769014677
22066	0.0146	1.05777562704639
22070	0.0148	1.05796737464488
22072	0.015	1.05806324844412
22073	0.0151	1.05811118534374
22075	0.0153	1.05820705914299
22078	0.0154	1.05835086984185
22079	0.0155	1.05839880674147
22080	0.0156	1.05844674364109
22081	0.0157	1.05849468054071
22082	0.016	1.05854261744034
22084	0.0161	1.05863849123958
22085	0.0163	1.0586864281392
22087	0.0164	1.05878230193844
22088	0.0166	1.05883023883806
22091	0.0167	1.05897404953693
22094	0.0169	1.05911786023579
22096	0.017	1.05921373403504
22097	0.0171	1.05926167093466
22098	0.0172	1.05930960783428
22099	0.0173	1.0593575447339
22101	0.0174	1.05945341853314
22103	0.0175	1.05954929233239
22104	0.0176	1.05959722923201
22105	0.0177	1.05964516613163
22110	0.0178	1.05988485062974
22111	0.0179	1.05993278752936
22113	0.0181	1.0600286613286
22114	0.0182	1.06007659822822
22118	0.0184	1.06026834582671
22119	0.0185	1.06031628272633
22122	0.0187	1.06046009342519
22123	0.0188	1.06050803032481
22126	0.0191	1.06065184102368
22127	0.0192	1.0606997779233
22128	0.0194	1.06074771482292
22129	0.0195	1.06079565172254
22131	0.0196	1.06089152552179
22134	0.0198	1.06103533622065
22135	0.0199	1.06108327312027
22136	0.02	1.06113121001989
22137	0.0201	1.06117914691951
22139	0.0204	1.06127502071876
22145	0.0205	1.06156264211649
22148	0.0206	1.06170645281535
22149	0.0207	1.06175438971497
22150	0.0208	1.06180232661459
22151	0.0209	1.06185026351421
22153	0.0211	1.06194613731346
22154	0.0214	1.06199407421308
22155	0.0215	1.0620420111127
22156	0.0217	1.06208994801232
22157	0.0218	1.06213788491194
22158	0.0219	1.06218582181156
22159	0.022	1.06223375871119
22160	0.0221	1.06228169561081
22162	0.0222	1.06237756941005
22163	0.0224	1.06242550630967
22164	0.0225999999999999	1.06247344320929
22165	0.0227999999999999	1.06252138010891
22166	0.0228999999999999	1.06256931700854
22167	0.0230999999999999	1.06261725390816
22170	0.0234999999999999	1.06276106460702
22173	0.0235999999999999	1.06290487530588
22174	0.0236999999999999	1.06295281220551
22175	0.0237999999999999	1.06300074910513
22177	0.0238999999999999	1.06309662290437
22178	0.0241999999999999	1.06314455980399
22179	0.0243999999999999	1.06319249670361
22183	0.0246999999999999	1.0633842443021
22184	0.0247999999999999	1.06343218120172
22185	0.0248999999999999	1.06348011810134
22187	0.0249999999999999	1.06357599190058
22188	0.0250999999999999	1.06362392880021
22191	0.0253999999999999	1.06376773949907
22192	0.0256999999999999	1.06381567639869
22196	0.0257999999999999	1.06400742399718
22197	0.0260999999999999	1.0640553608968
22198	0.0261999999999999	1.06410329779642
22199	0.0263999999999999	1.06415123469604
22201	0.0264999999999999	1.06424710849528
22202	0.0270999999999999	1.06429504539491
22203	0.0272999999999999	1.06434298229453
22204	0.0274999999999999	1.06439091919415
22205	0.0277999999999999	1.06443885609377
22207	0.0279999999999999	1.06453472989301
22208	0.0283999999999999	1.06458266679264
22209	0.0286999999999999	1.06463060369226
22212	0.0288999999999999	1.06477441439112
22213	0.0290999999999999	1.06482235129074
22214	0.0291999999999999	1.06487028819036
22216	0.0292999999999999	1.06496616198961
22217	0.0295999999999999	1.06501409888923
22219	0.0298999999999999	1.06510997268847
22220	0.0299999999999999	1.06515790958809
22221	0.0301999999999999	1.06520584648771
22222	0.0302999999999999	1.06525378338734
22223	0.0306999999999999	1.06530172028696
22224	0.0307999999999999	1.06534965718658
22227	0.0309999999999999	1.06549346788544
22228	0.0310999999999999	1.06554140478506
22229	0.0312999999999999	1.06558934168468
22234	0.0313999999999999	1.06582902618279
22236	0.0315	1.06592489998203
22240	0.0316	1.06611664758052
22242	0.0318	1.06621252137976
22243	0.032	1.06626045827938
22245	0.0322	1.06635633207863
22246	0.0323999999999999	1.06640426897825
22249	0.0325999999999999	1.06654807967711
22251	0.0327	1.06664395347636
22252	0.0328	1.06669189037598
22254	0.033	1.06678776417522
22256	0.0332	1.06688363797446
22257	0.0334	1.06693157487408
22259	0.0335	1.06702744867333
22260	0.0338	1.06707538557295
22262	0.0341	1.06717125937219
22263	0.0342	1.06721919627181
22264	0.0343	1.06726713317143
22265	0.0345	1.06731507007106
22268	0.0347	1.06745888076992
22270	0.0348	1.06755475456916
22271	0.0352	1.06760269146878
22272	0.0354	1.06765062836841
22273	0.0356	1.06769856526803
22274	0.0357	1.06774650216765
22275	0.0361	1.06779443906727
22276	0.0362	1.06784237596689
22277	0.0363	1.06789031286651
22278	0.0366	1.06793824976613
22281	0.0367	1.068082060465
22284	0.0369	1.06822587116386
22285	0.0371	1.06827380806348
22287	0.0375	1.06836968186273
22288	0.0376	1.06841761876235
22289	0.0377	1.06846555566197
22290	0.038	1.06851349256159
22291	0.0382	1.06856142946121
22292	0.0383	1.06860936636083
22295	0.0384	1.0687531770597
22296	0.0385	1.06880111395932
22297	0.0386	1.06884905085894
22298	0.0388	1.06889698775856
22299	0.039	1.06894492465818
22301	0.0392	1.06904079845743
22302	0.0393	1.06908873535705
22303	0.0395	1.06913667225667
22304	0.0396	1.06918460915629
22305	0.0397	1.06923254605591
22308	0.0398	1.06937635675478
22310	0.04	1.06947223055402
22311	0.0401	1.06952016745364
22312	0.0404	1.06956810435326
22313	0.0405	1.06961604125288
22314	0.041	1.06966397815251
22315	0.0412	1.06971191505213
22316	0.0414	1.06975985195175
22317	0.0415	1.06980778885137
22318	0.0417	1.06985572575099
22319	0.0419	1.06990366265061
22320	0.0423	1.06995159955023
22321	0.0424	1.06999953644986
22322	0.0426	1.07004747334948
22324	0.0428	1.07014334714872
22325	0.0429	1.07019128404834
22327	0.043	1.07028715784758
22328	0.0431	1.07033509474721
22329	0.0437	1.07038303164683
22330	0.0438	1.07043096854645
22331	0.0439	1.07047890544607
22332	0.0441	1.07052684234569
22333	0.0442	1.07057477924531
22334	0.0445	1.07062271614493
22336	0.045	1.07071858994418
22338	0.0453	1.07081446374342
22339	0.0454	1.07086240064304
22340	0.0455	1.07091033754266
22341	0.0459	1.07095827444228
22342	0.0461	1.07100621134191
22343	0.0463	1.07105414824153
22344	0.0464	1.07110208514115
22345	0.0465	1.07115002204077
22346	0.0466	1.07119795894039
22347	0.0468	1.07124589584001
22348	0.0471	1.07129383273963
22349	0.0473	1.07134176963926
22350	0.0475	1.07138970653888
22351	0.0477	1.0714376434385
22352	0.0479	1.07148558033812
22353	0.048	1.07153351723774
22354	0.0482	1.07158145413736
22355	0.0484	1.07162939103698
22356	0.0486	1.07167732793661
22357	0.0488	1.07172526483623
22358	0.049	1.07177320173585
22359	0.0494	1.07182113863547
22360	0.0498	1.07186907553509
22361	0.05	1.07191701243471
22362	0.0502	1.07196494933433
22363	0.0505	1.07201288623396
22364	0.0508	1.07206082313358
22365	0.051	1.0721087600332
22367	0.0514	1.07220463383244
22368	0.0515	1.07225257073206
22369	0.0516	1.07230050763168
22370	0.0517	1.07234844453131
22371	0.0518	1.07239638143093
22373	0.0524	1.07249225523017
22374	0.0525	1.07254019212979
22375	0.0526	1.07258812902941
22376	0.0528	1.07263606592903
22378	0.053	1.07273193972828
22379	0.0533	1.0727798766279
22380	0.0534	1.07282781352752
22382	0.0535	1.07292368732676
22383	0.0537	1.07297162422638
22384	0.054	1.07301956112601
22385	0.0541	1.07306749802563
22387	0.0543	1.07316337182487
22391	0.0544	1.07335511942336
22392	0.0546	1.07340305632298
22393	0.0547	1.0734509932226
22394	0.0552	1.07349893012222
22395	0.0553	1.07354686702184
22396	0.0554	1.07359480392146
22397	0.0557	1.07364274082108
22398	0.0559	1.07369067772071
22399	0.0563	1.07373861462033
22400	0.0565	1.07378655151995
22401	0.0569	1.07383448841957
22402	0.0571	1.07388242531919
22403	0.0573	1.07393036221881
22404	0.0574	1.07397829911843
22405	0.058	1.07402623601806
22406	0.0582	1.07407417291768
22407	0.0585	1.0741221098173
22409	0.059	1.07421798361654
22410	0.0591	1.07426592051616
22411	0.0592000000000001	1.07431385741578
22412	0.0595000000000001	1.07436179431541
22413	0.0598000000000001	1.07440973121503
22414	0.0599000000000001	1.07445766811465
22415	0.0601000000000001	1.07450560501427
22416	0.0604000000000001	1.07455354191389
22417	0.0608000000000001	1.07460147881351
22418	0.0609000000000001	1.07464941571313
22419	0.0610000000000001	1.07469735261276
22420	0.0612000000000001	1.07474528951238
22421	0.0617000000000001	1.074793226412
22422	0.0621000000000001	1.07484116331162
22423	0.0625000000000001	1.07488910021124
22424	0.0626000000000001	1.07493703711086
22425	0.0627000000000001	1.07498497401048
22426	0.0630000000000001	1.07503291091011
22427	0.0631000000000001	1.07508084780973
22428	0.0632000000000001	1.07512878470935
22430	0.0637000000000001	1.07522465850859
22431	0.0638000000000001	1.07527259540821
22432	0.0639000000000001	1.07532053230783
22433	0.0645000000000001	1.07536846920746
22434	0.0648000000000001	1.07541640610708
22435	0.0650000000000001	1.0754643430067
22436	0.0654000000000001	1.07551227990632
22437	0.0656000000000001	1.07556021680594
22438	0.0658000000000001	1.07560815370556
22439	0.0661000000000001	1.07565609060518
22441	0.0663000000000001	1.07575196440443
22442	0.0665000000000001	1.07579990130405
22444	0.0668000000000001	1.07589577510329
22445	0.0671000000000001	1.07594371200291
22446	0.0672000000000001	1.07599164890253
22447	0.0676000000000001	1.07603958580216
22448	0.0678000000000001	1.07608752270178
22449	0.0680000000000001	1.0761354596014
22450	0.0685000000000001	1.07618339650102
22451	0.0688000000000001	1.07623133340064
22452	0.0689000000000001	1.07627927030026
22453	0.0690000000000001	1.07632720719988
22454	0.0692000000000001	1.07637514409951
22455	0.0694000000000001	1.07642308099913
22456	0.0697000000000001	1.07647101789875
22457	0.0698000000000001	1.07651895479837
22458	0.0702000000000001	1.07656689169799
22459	0.0705000000000001	1.07661482859761
22460	0.0707000000000001	1.07666276549723
22461	0.0708000000000001	1.07671070239686
22462	0.0712000000000001	1.07675863929648
22463	0.0714000000000001	1.0768065761961
22464	0.0717000000000001	1.07685451309572
22465	0.0721000000000001	1.07690244999534
22466	0.0722000000000001	1.07695038689496
22468	0.0724000000000001	1.07704626069421
22470	0.0727000000000001	1.07714213449345
22471	0.0730000000000001	1.07719007139307
22473	0.0732000000000001	1.07728594519231
22474	0.0734000000000001	1.07733388209193
22475	0.0737000000000001	1.07738181899156
22476	0.0739000000000001	1.07742975589118
22477	0.0740000000000001	1.0774776927908
22478	0.0743000000000001	1.07752562969042
22480	0.0750000000000001	1.07762150348966
22481	0.0752000000000001	1.07766944038928
22482	0.0754000000000001	1.07771737728891
22484	0.0759000000000001	1.07781325108815
22485	0.0760000000000001	1.07786118798777
22486	0.0763000000000001	1.07790912488739
22487	0.0765000000000001	1.07795706178701
22489	0.0770000000000001	1.07805293558626
22490	0.0773000000000001	1.07810087248588
22491	0.0774000000000001	1.0781488093855
22492	0.0776000000000001	1.07819674628512
22493	0.0781000000000001	1.07824468318474
22494	0.0786000000000001	1.07829262008436
22495	0.0788000000000001	1.07834055698398
22496	0.0789000000000001	1.07838849388361
22497	0.0793000000000001	1.07843643078323
22498	0.0800000000000001	1.07848436768285
22499	0.0802000000000001	1.07853230458247
22500	0.0806000000000001	1.07858024148209
22501	0.0812000000000001	1.07862817838171
22503	0.0814000000000002	1.07872405218096
22504	0.0818000000000002	1.07877198908058
22505	0.0825000000000002	1.0788199259802
22506	0.0828000000000002	1.07886786287982
22507	0.0830000000000002	1.07891579977944
22508	0.0833000000000002	1.07896373667906
22509	0.0835000000000002	1.07901167357868
22510	0.0841000000000002	1.07905961047831
22511	0.0844000000000002	1.07910754737793
22512	0.0849000000000002	1.07915548427755
22513	0.0852000000000002	1.07920342117717
22514	0.0853000000000002	1.07925135807679
22515	0.0855000000000002	1.07929929497641
22516	0.0858000000000002	1.07934723187603
22518	0.0864000000000002	1.07944310567528
22519	0.0867000000000002	1.0794910425749
22520	0.0869000000000002	1.07953897947452
22521	0.0870000000000002	1.07958691637414
22522	0.0871000000000002	1.07963485327376
22523	0.0874000000000002	1.07968279017338
22524	0.0876000000000002	1.07973072707301
22525	0.0877000000000002	1.07977866397263
22526	0.0880000000000002	1.07982660087225
22527	0.0883000000000002	1.07987453777187
22528	0.0886000000000002	1.07992247467149
22529	0.0887000000000002	1.07997041157111
22530	0.0890000000000001	1.08001834847073
22531	0.0894000000000001	1.08006628537036
22532	0.0895000000000001	1.08011422226998
22533	0.0897000000000002	1.0801621591696
22534	0.0901000000000002	1.08021009606922
22535	0.0905000000000001	1.08025803296884
22536	0.0911000000000002	1.08030596986846
22537	0.0914000000000001	1.08035390676808
22538	0.0922000000000001	1.08040184366771
22539	0.0924000000000001	1.08044978056733
22540	0.0926000000000002	1.08049771746695
22541	0.0927000000000002	1.08054565436657
22542	0.0934000000000002	1.08059359126619
22543	0.0939000000000002	1.08064152816581
22544	0.0941000000000002	1.08068946506543
22546	0.0944000000000002	1.08078533886468
22547	0.0949000000000002	1.0808332757643
22548	0.0951000000000002	1.08088121266392
22549	0.0954000000000002	1.08092914956354
22550	0.0957000000000002	1.08097708646316
22551	0.0959000000000002	1.08102502336278
22552	0.0964000000000002	1.08107296026241
22553	0.0969000000000002	1.08112089716203
22554	0.0974000000000002	1.08116883406165
22555	0.0977000000000002	1.08121677096127
22556	0.0979000000000002	1.08126470786089
22557	0.0980000000000002	1.08131264476051
22558	0.0986000000000002	1.08136058166013
22559	0.0995000000000002	1.08140851855976
22560	0.0997000000000002	1.08145645545938
22561	0.0999000000000002	1.081504392359
22562	0.1003	1.08155232925862
22563	0.1006	1.08160026615824
22564	0.101	1.08164820305786
22565	0.1013	1.08169613995748
22566	0.1015	1.08174407685711
22567	0.1017	1.08179201375673
22568	0.1018	1.08183995065635
22569	0.102	1.08188788755597
22570	0.1025	1.08193582445559
22571	0.1026	1.08198376135521
22572	0.1029	1.08203169825483
22573	0.1031	1.08207963515446
22574	0.1033	1.08212757205408
22575	0.1035	1.0821755089537
22576	0.1037	1.08222344585332
22577	0.1039	1.08227138275294
22578	0.1042	1.08231931965256
22579	0.1046	1.08236725655218
22580	0.1048	1.08241519345181
22581	0.1052	1.08246313035143
22582	0.1055	1.08251106725105
22583	0.1059	1.08255900415067
22584	0.1062	1.08260694105029
22585	0.1066	1.08265487794991
22586	0.1067	1.08270281484953
22587	0.1068	1.08275075174916
22588	0.1073	1.08279868864878
22589	0.1078	1.0828466255484
22590	0.1083	1.08289456244802
22591	0.1085	1.08294249934764
22593	0.1088	1.08303837314688
22594	0.1092	1.08308631004651
22595	0.1095	1.08313424694613
22596	0.1097	1.08318218384575
22597	0.1099	1.08323012074537
22598	0.1101	1.08327805764499
22599	0.1107	1.08332599454461
22600	0.1108	1.08337393144423
22601	0.1111	1.08342186834386
22602	0.1114	1.08346980524348
22603	0.1116	1.0835177421431
22604	0.1117	1.08356567904272
22605	0.1119	1.08361361594234
22606	0.112	1.08366155284196
22607	0.1127	1.08370948974158
22608	0.113	1.08375742664121
22609	0.1133	1.08380536354083
22610	0.114	1.08385330044045
22611	0.1143	1.08390123734007
22612	0.1147	1.08394917423969
22613	0.1148	1.08399711113931
22614	0.116	1.08404504803893
22615	0.1162	1.08409298493856
22616	0.1165	1.08414092183818
22617	0.1169	1.0841888587378
22618	0.1174	1.08423679563742
22619	0.1177	1.08428473253704
22620	0.1181	1.08433266943666
22621	0.1185	1.08438060633628
22622	0.1188	1.08442854323591
22623	0.1191	1.08447648013553
22624	0.1196	1.08452441703515
22625	0.1202	1.08457235393477
22626	0.1205	1.08462029083439
22627	0.1207	1.08466822773401
22628	0.121	1.08471616463363
22629	0.1215	1.08476410153326
22630	0.1219	1.08481203843288
22631	0.1224	1.0848599753325
22632	0.1227	1.08490791223212
22633	0.1229	1.08495584913174
22634	0.1233	1.08500378603136
22635	0.1236	1.08505172293098
22636	0.1239	1.08509965983061
22637	0.1243	1.08514759673023
22638	0.1246	1.08519553362985
22639	0.125	1.08524347052947
22640	0.1254	1.08529140742909
22641	0.1257	1.08533934432871
22643	0.1262	1.08543521812796
22644	0.1264	1.08548315502758
22645	0.1268	1.0855310919272
22646	0.1271	1.08557902882682
22647	0.1276	1.08562696572644
22648	0.128	1.08567490262606
22649	0.1284	1.08572283952568
22650	0.1291	1.08577077642531
22651	0.1295	1.08581871332493
22652	0.1298	1.08586665022455
22653	0.1304	1.08591458712417
22654	0.1308	1.08596252402379
22655	0.1311	1.08601046092341
22656	0.1315	1.08605839782303
22657	0.1322	1.08610633472266
22658	0.1325	1.08615427162228
22659	0.1328	1.0862022085219
22660	0.1332	1.08625014542152
22661	0.1335	1.08629808232114
22662	0.134	1.08634601922076
22663	0.1344	1.08639395612038
22664	0.1349	1.08644189302001
22665	0.1353	1.08648982991963
22666	0.1354	1.08653776681925
22667	0.1357	1.08658570371887
22668	0.136	1.08663364061849
22669	0.1366	1.08668157751811
22670	0.137	1.08672951441773
22671	0.1375	1.08677745131736
22672	0.1378	1.08682538821698
22673	0.1386	1.0868733251166
22674	0.1389	1.08692126201622
22675	0.1392	1.08696919891584
22676	0.1396	1.08701713581546
22677	0.14	1.08706507271508
22678	0.1404	1.08711300961471
22679	0.1408	1.08716094651433
22681	0.141	1.08725682031357
22682	0.1414	1.08730475721319
22683	0.1417	1.08735269411281
22684	0.1419	1.08740063101243
22685	0.1424	1.08744856791206
22686	0.1428	1.08749650481168
22687	0.1436	1.0875444417113
22688	0.1444	1.08759237861092
22689	0.1451	1.08764031551054
22690	0.1456	1.08768825241016
22691	0.146	1.08773618930978
22692	0.1465	1.08778412620941
22693	0.1468	1.08783206310903
22694	0.1472	1.08788000000865
22695	0.1479	1.08792793690827
22696	0.1487	1.08797587380789
22697	0.1496	1.08802381070751
22698	0.15	1.08807174760713
22699	0.1505	1.08811968450676
22700	0.1508	1.08816762140638
22701	0.1512	1.088215558306
22702	0.1517	1.08826349520562
22703	0.1521	1.08831143210524
22704	0.1526	1.08835936900486
22705	0.1531	1.08840730590448
22706	0.1534	1.08845524280411
22707	0.1535	1.08850317970373
22708	0.1539	1.08855111660335
22709	0.1546	1.08859905350297
22710	0.1549	1.08864699040259
22711	0.1562	1.08869492730221
22712	0.1571	1.08874286420183
22713	0.1577	1.08879080110146
22714	0.158	1.08883873800108
22715	0.1581	1.0888866749007
22716	0.1585	1.08893461180032
22717	0.1586	1.08898254869994
22718	0.1591	1.08903048559956
22719	0.1596	1.08907842249918
22720	0.16	1.08912635939881
22721	0.1603	1.08917429629843
22722	0.1609	1.08922223319805
22723	0.1613	1.08927017009767
22724	0.1619	1.08931810699729
22725	0.1621	1.08936604389691
22726	0.1625	1.08941398079653
22727	0.1631	1.08946191769616
22729	0.1636	1.0895577914954
22730	0.1641	1.08960572839502
22731	0.1644	1.08965366529464
22732	0.1645	1.08970160219426
22733	0.1648	1.08974953909388
22734	0.1649	1.08979747599351
22735	0.165	1.08984541289313
22736	0.1653	1.08989334979275
22738	0.1654	1.08998922359199
22739	0.1657	1.09003716049161
22740	0.1663	1.09008509739123
22742	0.167	1.09018097119048
22743	0.1675	1.0902289080901
22744	0.1679	1.09027684498972
22745	0.168	1.09032478188934
22746	0.1683	1.09037271878896
22747	0.1687	1.09042065568858
22748	0.1691	1.09046859258821
22749	0.1697	1.09051652948783
22750	0.1704	1.09056446638745
22751	0.1712	1.09061240328707
22752	0.1716	1.09066034018669
22753	0.1723	1.09070827708631
22754	0.1726	1.09075621398593
22755	0.1732	1.09080415088556
22756	0.1736	1.09085208778518
22757	0.174	1.0909000246848
22758	0.1746	1.09094796158442
22759	0.175	1.09099589848404
22760	0.1757	1.09104383538366
22761	0.1762	1.09109177228328
22762	0.1765	1.09113970918291
22763	0.1768	1.09118764608253
22764	0.1773	1.09123558298215
22765	0.1779	1.09128351988177
22766	0.1781	1.09133145678139
22767	0.1783	1.09137939368101
22768	0.1792	1.09142733058063
22769	0.1797	1.09147526748026
22770	0.1801	1.09152320437988
22771	0.1803	1.0915711412795
22772	0.1804	1.09161907817912
22773	0.181	1.09166701507874
22774	0.1815	1.09171495197836
22775	0.1824	1.09176288887798
22776	0.1827	1.09181082577761
22777	0.1829	1.09185876267723
22778	0.1833	1.09190669957685
22779	0.1837	1.09195463647647
22780	0.1843	1.09200257337609
22781	0.1851	1.09205051027571
22782	0.1856	1.09209844717533
22783	0.186	1.09214638407496
22784	0.1864	1.09219432097458
22785	0.1868	1.0922422578742
22786	0.1875	1.09229019477382
22787	0.1882	1.09233813167344
22788	0.1887	1.09238606857306
22789	0.1892	1.09243400547268
22790	0.1896	1.09248194237231
22791	0.1898	1.09252987927193
22792	0.1904	1.09257781617155
22793	0.1907	1.09262575307117
22794	0.1917	1.09267368997079
22795	0.1925	1.09272162687041
22796	0.1931	1.09276956377003
22797	0.194	1.09281750066966
22798	0.1942	1.09286543756928
22799	0.1948	1.0929133744689
22800	0.1953	1.09296131136852
22801	0.1958	1.09300924826814
22802	0.1964	1.09305718516776
22803	0.1971	1.09310512206738
22804	0.1972	1.09315305896701
22805	0.1978	1.09320099586663
22806	0.1985	1.09324893276625
22807	0.1995	1.09329686966587
22808	0.2002	1.09334480656549
22809	0.2006	1.09339274346511
22810	0.2014	1.09344068036473
22811	0.2021	1.09348861726435
22812	0.2024	1.09353655416398
22813	0.2031	1.0935844910636
22814	0.2038	1.09363242796322
22815	0.2041	1.09368036486284
22816	0.2047	1.09372830176246
22817	0.205	1.09377623866208
22818	0.2055	1.09382417556171
22819	0.2062	1.09387211246133
22820	0.2067	1.09392004936095
22821	0.2071	1.09396798626057
22822	0.2077	1.09401592316019
22823	0.2084	1.09406386005981
22824	0.2092	1.09411179695943
22825	0.2097	1.09415973385905
22826	0.2102	1.09420767075868
22827	0.2106	1.0942556076583
22828	0.2111	1.09430354455792
22829	0.2116	1.09435148145754
22830	0.2122	1.09439941835716
22831	0.2125	1.09444735525678
22832	0.213	1.09449529215641
22833	0.2134	1.09454322905603
22834	0.2143	1.09459116595565
22835	0.2147	1.09463910285527
22836	0.2153	1.09468703975489
22837	0.2157	1.09473497665451
22838	0.2162	1.09478291355413
22839	0.2166	1.09483085045375
22840	0.2172	1.09487878735338
22841	0.2181	1.094926724253
22842	0.2188	1.09497466115262
22843	0.2195	1.09502259805224
22844	0.2203	1.09507053495186
22845	0.2213	1.09511847185148
22846	0.2218	1.09516640875111
22847	0.2224	1.09521434565073
22848	0.2226	1.09526228255035
22849	0.223	1.09531021944997
22850	0.2235	1.09535815634959
22851	0.224	1.09540609324921
22852	0.2244	1.09545403014883
22853	0.2246	1.09550196704845
22854	0.2247	1.09554990394808
22855	0.2251	1.0955978408477
22856	0.2258	1.09564577774732
22857	0.2269	1.09569371464694
22858	0.2273	1.09574165154656
22859	0.2277	1.09578958844618
22860	0.2283	1.0958375253458
22861	0.2287	1.09588546224543
22862	0.2292	1.09593339914505
22863	0.2296	1.09598133604467
22864	0.230500000000001	1.09602927294429
22865	0.231000000000001	1.09607720984391
22866	0.231400000000001	1.09612514674353
22867	0.231900000000001	1.09617308364315
22868	0.232700000000001	1.09622102054278
22869	0.233400000000001	1.0962689574424
22870	0.233800000000001	1.09631689434202
22871	0.234400000000001	1.09636483124164
22872	0.235000000000001	1.09641276814126
22873	0.235500000000001	1.09646070504088
22874	0.236200000000001	1.0965086419405
22875	0.236800000000001	1.09655657884013
22876	0.237300000000001	1.09660451573975
22877	0.2379	1.09665245263937
22878	0.238400000000001	1.09670038953899
22879	0.238900000000001	1.09674832643861
22880	0.239300000000001	1.09679626333823
22881	0.239500000000001	1.09684420023785
22882	0.240100000000001	1.09689213713748
22883	0.2407	1.0969400740371
22884	0.241100000000001	1.09698801093672
22885	0.241400000000001	1.09703594783634
22886	0.2417	1.09708388473596
22887	0.242100000000001	1.09713182163558
22888	0.242600000000001	1.0971797585352
22889	0.243500000000001	1.09722769543483
22890	0.244200000000001	1.09727563233445
22891	0.244800000000001	1.09732356923407
22892	0.245800000000001	1.09737150613369
22893	0.246600000000001	1.09741944303331
22894	0.247100000000001	1.09746737993293
22895	0.247500000000001	1.09751531683255
22896	0.248000000000001	1.09756325373218
22897	0.248300000000001	1.0976111906318
22898	0.248500000000001	1.09765912753142
22899	0.249300000000001	1.09770706443104
22900	0.249800000000001	1.09775500133066
22901	0.250400000000001	1.09780293823028
22902	0.251000000000001	1.0978508751299
22903	0.251400000000001	1.09789881202953
22904	0.252200000000001	1.09794674892915
22905	0.252900000000001	1.09799468582877
22906	0.253300000000001	1.09804262272839
22907	0.253900000000001	1.09809055962801
22908	0.2546	1.09813849652763
22909	0.2551	1.09818643342725
22910	0.255400000000001	1.09823437032688
22911	0.256000000000001	1.0982823072265
22912	0.257000000000001	1.09833024412612
22913	0.2577	1.09837818102574
22914	0.258500000000001	1.09842611792536
22915	0.259000000000001	1.09847405482498
22916	0.2597	1.0985219917246
22917	0.2598	1.09856992862423
22918	0.2606	1.09861786552385
22919	0.2612	1.09866580242347
22920	0.262000000000001	1.09871373932309
22921	0.262800000000001	1.09876167622271
22922	0.263600000000001	1.09880961312233
22923	0.264000000000001	1.09885755002195
22924	0.264700000000001	1.09890548692158
22925	0.265300000000001	1.0989534238212
22926	0.265700000000001	1.09900136072082
22927	0.266400000000001	1.09904929762044
22928	0.267400000000001	1.09909723452006
22929	0.267700000000001	1.09914517141968
22930	0.268200000000001	1.0991931083193
22931	0.268700000000001	1.09924104521893
22932	0.269100000000001	1.09928898211855
22933	0.269600000000001	1.09933691901817
22934	0.270500000000001	1.09938485591779
22935	0.271500000000001	1.09943279281741
22936	0.272000000000001	1.09948072971703
22937	0.272900000000001	1.09952866661665
22938	0.273300000000001	1.09957660351628
22939	0.273700000000001	1.0996245404159
22940	0.274300000000001	1.09967247731552
22941	0.274900000000001	1.09972041421514
22942	0.275600000000001	1.09976835111476
22943	0.275800000000001	1.09981628801438
22944	0.276300000000001	1.099864224914
22945	0.276500000000001	1.09991216181363
22946	0.277300000000001	1.09996009871325
22947	0.277900000000001	1.10000803561287
22948	0.278700000000001	1.10005597251249
22949	0.279600000000001	1.10010390941211
22950	0.280800000000001	1.10015184631173
22951	0.281400000000001	1.10019978321135
22952	0.282100000000001	1.10024772011098
22953	0.2828	1.1002956570106
22954	0.283600000000001	1.10034359391022
22955	0.284200000000001	1.10039153080984
22956	0.2848	1.10043946770946
22957	0.285600000000001	1.10048740460908
22958	0.285900000000001	1.1005353415087
22959	0.286000000000001	1.10058327840833
22960	0.286400000000001	1.10063121530795
22961	0.286600000000001	1.10067915220757
22962	0.2873	1.10072708910719
22963	0.2874	1.10077502600681
22964	0.288300000000001	1.10082296290643
22965	0.289200000000001	1.10087089980605
22966	0.289500000000001	1.10091883670568
22967	0.289800000000001	1.1009667736053
22968	0.290800000000001	1.10101471050492
22969	0.291400000000001	1.10106264740454
22970	0.291800000000001	1.10111058430416
22971	0.292500000000001	1.10115852120378
22972	0.292900000000001	1.1012064581034
22973	0.293300000000001	1.10125439500303
22974	0.293800000000001	1.10130233190265
22975	0.294300000000001	1.10135026880227
22976	0.295200000000001	1.10139820570189
22977	0.295900000000001	1.10144614260151
22978	0.296800000000001	1.10149407950113
22979	0.297300000000001	1.10154201640075
22980	0.298000000000001	1.10158995330038
22981	0.298700000000001	1.1016378902
22982	0.2994	1.10168582709962
22983	0.3	1.10173376399924
22984	0.3007	1.10178170089886
22985	0.3015	1.10182963779848
22986	0.302300000000001	1.1018775746981
22987	0.302700000000001	1.10192551159773
22988	0.303400000000001	1.10197344849735
22989	0.304	1.10202138539697
22990	0.304800000000001	1.10206932229659
22991	0.305100000000001	1.10211725919621
22992	0.305500000000001	1.10216519609583
22993	0.306500000000001	1.10221313299545
22994	0.307100000000001	1.10226106989508
22995	0.307600000000001	1.1023090067947
22996	0.308100000000001	1.10235694369432
22997	0.308800000000001	1.10240488059394
22998	0.309700000000001	1.10245281749356
22999	0.310700000000001	1.10250075439318
23000	0.311000000000001	1.1025486912928
23001	0.311500000000001	1.10259662819243
23002	0.312500000000001	1.10264456509205
23003	0.313300000000001	1.10269250199167
23004	0.313500000000001	1.10274043889129
23005	0.314200000000001	1.10278837579091
23006	0.314900000000001	1.10283631269053
23007	0.315400000000001	1.10288424959015
23008	0.315700000000001	1.10293218648978
23009	0.316300000000001	1.1029801233894
23010	0.317200000000001	1.10302806028902
23011	0.318100000000001	1.10307599718864
23012	0.319500000000001	1.10312393408826
23013	0.320200000000001	1.10317187098788
23014	0.320500000000001	1.1032198078875
23015	0.321100000000001	1.10326774478713
23016	0.322300000000001	1.10331568168675
23017	0.323400000000001	1.10336361858637
23018	0.323900000000001	1.10341155548599
23019	0.3246	1.10345949238561
23020	0.3252	1.10350742928523
23021	0.326000000000001	1.10355536618485
23022	0.3267	1.10360330308448
23023	0.327500000000001	1.1036512399841
23024	0.328100000000001	1.10369917688372
23025	0.328600000000001	1.10374711378334
23026	0.3292	1.10379505068296
23027	0.329500000000001	1.10384298758258
23028	0.3302	1.1038909244822
23029	0.3307	1.10393886138183
23030	0.331500000000001	1.10398679828145
23031	0.332300000000001	1.10403473518107
23032	0.333400000000001	1.10408267208069
23033	0.333800000000001	1.10413060898031
23034	0.334400000000001	1.10417854587993
23035	0.335100000000001	1.10422648277955
23036	0.336000000000001	1.10427441967918
23037	0.336900000000001	1.1043223565788
23038	0.337400000000001	1.10437029347842
23039	0.338000000000001	1.10441823037804
23040	0.339100000000001	1.10446616727766
23041	0.339700000000001	1.10451410417728
23042	0.3403	1.1045620410769
23043	0.340600000000001	1.10460997797653
23044	0.341100000000001	1.10465791487615
23045	0.341400000000001	1.10470585177577
23046	0.341800000000001	1.10475378867539
23047	0.342200000000001	1.10480172557501
23048	0.342900000000001	1.10484966247463
23049	0.343800000000001	1.10489759937425
23050	0.344300000000001	1.10494553627388
23051	0.344900000000001	1.1049934731735
23052	0.345500000000001	1.10504141007312
23053	0.346300000000001	1.10508934697274
23054	0.346800000000001	1.10513728387236
23055	0.347400000000001	1.10518522077198
23056	0.347900000000001	1.1052331576716
23057	0.349100000000001	1.10528109457123
23058	0.349500000000001	1.10532903147085
23059	0.349900000000001	1.10537696837047
23060	0.350300000000001	1.10542490527009
23061	0.351200000000001	1.10547284216971
23062	0.351800000000001	1.10552077906933
23063	0.352700000000001	1.10556871596895
23064	0.353600000000001	1.10561665286858
23065	0.354100000000001	1.1056645897682
23066	0.355500000000001	1.10571252666782
23067	0.356300000000001	1.10576046356744
23068	0.356400000000001	1.10580840046706
23069	0.357000000000001	1.10585633736668
23070	0.358000000000001	1.1059042742663
23071	0.359300000000001	1.10595221116593
23072	0.360500000000001	1.10600014806555
23073	0.360800000000001	1.10604808496517
23074	0.361100000000001	1.10609602186479
23075	0.361500000000001	1.10614395876441
23076	0.362300000000001	1.10619189566403
23077	0.363000000000001	1.10623983256365
23078	0.363700000000001	1.10628776946328
23079	0.364000000000001	1.1063357063629
23080	0.364900000000001	1.10638364326252
23081	0.365700000000001	1.10643158016214
23082	0.366700000000001	1.10647951706176
23083	0.367700000000001	1.10652745396138
23084	0.368300000000001	1.106575390861
23085	0.368900000000001	1.10662332776063
23086	0.370000000000001	1.10667126466025
23087	0.370800000000001	1.10671920155987
23088	0.371400000000001	1.10676713845949
23089	0.372200000000001	1.10681507535911
23090	0.373100000000001	1.10686301225873
23091	0.373700000000001	1.10691094915835
23092	0.374200000000001	1.10695888605798
23093	0.375200000000001	1.1070068229576
23094	0.376000000000001	1.10705475985722
23095	0.377000000000001	1.10710269675684
23096	0.377600000000001	1.10715063365646
23097	0.378600000000001	1.10719857055608
23098	0.379600000000001	1.1072465074557
23099	0.380100000000001	1.10729444435533
23100	0.380800000000001	1.10734238125495
23101	0.381500000000001	1.10739031815457
23102	0.382600000000001	1.10743825505419
23103	0.383300000000001	1.10748619195381
23104	0.383900000000001	1.10753412885343
23105	0.384800000000001	1.10758206575305
23106	0.385800000000001	1.10763000265268
23107	0.386500000000001	1.1076779395523
23108	0.387000000000001	1.10772587645192
23109	0.388200000000001	1.10777381335154
23110	0.388900000000001	1.10782175025116
23111	0.389300000000001	1.10786968715078
23112	0.390000000000001	1.1079176240504
23113	0.390900000000001	1.10796556095003
23114	0.391600000000001	1.10801349784965
23115	0.392400000000001	1.10806143474927
23116	0.392700000000001	1.10810937164889
23117	0.393600000000001	1.10815730854851
23118	0.394200000000001	1.10820524544813
23119	0.394900000000001	1.10825318234775
23120	0.395700000000001	1.10830111924738
23121	0.396300000000001	1.108349056147
23122	0.396700000000001	1.10839699304662
23123	0.398100000000001	1.10844492994624
23124	0.398800000000001	1.10849286684586
23125	0.399100000000001	1.10854080374548
23126	0.399700000000001	1.1085887406451
23127	0.400300000000001	1.10863667754473
23128	0.401200000000001	1.10868461444435
23129	0.402100000000001	1.10873255134397
23130	0.403000000000001	1.10878048824359
23131	0.403600000000001	1.10882842514321
23132	0.404100000000001	1.10887636204283
23133	0.404600000000001	1.10892429894245
23134	0.405000000000001	1.10897223584208
23135	0.405800000000001	1.1090201727417
23136	0.406400000000001	1.10906810964132
23137	0.407500000000001	1.10911604654094
23138	0.408200000000001	1.10916398344056
23139	0.408600000000001	1.10921192034018
23140	0.409500000000001	1.1092598572398
23141	0.410100000000001	1.10930779413943
23142	0.410800000000001	1.10935573103905
23143	0.412100000000001	1.10940366793867
23144	0.413300000000001	1.10945160483829
23145	0.413900000000001	1.10949954173791
23146	0.414700000000001	1.10954747863753
23147	0.415500000000001	1.10959541553715
23148	0.415600000000001	1.10964335243678
23149	0.416700000000001	1.1096912893364
23150	0.417400000000001	1.10973922623602
23151	0.418300000000001	1.10978716313564
23152	0.418800000000001	1.10983510003526
23153	0.419100000000001	1.10988303693488
23154	0.420000000000001	1.1099309738345
23155	0.420600000000001	1.10997891073413
23156	0.421200000000001	1.11002684763375
23157	0.421800000000001	1.11007478453337
23158	0.422700000000001	1.11012272143299
23159	0.423200000000001	1.11017065833261
23160	0.423500000000001	1.11021859523223
23161	0.424500000000001	1.11026653213185
23162	0.425400000000001	1.11031446903148
23163	0.425900000000001	1.1103624059311
23164	0.426800000000001	1.11041034283072
23165	0.427700000000001	1.11045827973034
23166	0.428500000000001	1.11050621662996
23167	0.429000000000001	1.11055415352958
23168	0.429900000000001	1.1106020904292
23169	0.430400000000001	1.11065002732883
23170	0.430700000000001	1.11069796422845
23171	0.431700000000001	1.11074590112807
23172	0.432500000000001	1.11079383802769
23173	0.432900000000001	1.11084177492731
23174	0.433900000000001	1.11088971182693
23175	0.434900000000001	1.11093764872655
23176	0.435900000000001	1.11098558562618
23177	0.436800000000001	1.1110335225258
23178	0.438100000000001	1.11108145942542
23179	0.439000000000001	1.11112939632504
23180	0.440100000000001	1.11117733322466
23181	0.440900000000001	1.11122527012428
23182	0.441900000000001	1.1112732070239
23183	0.442300000000001	1.11132114392353
23184	0.443100000000001	1.11136908082315
23185	0.443900000000001	1.11141701772277
23186	0.444300000000001	1.11146495462239
23187	0.445100000000001	1.11151289152201
23188	0.445900000000001	1.11156082842163
23189	0.446400000000001	1.11160876532125
23190	0.447300000000001	1.11165670222088
23191	0.447900000000001	1.1117046391205
23192	0.448500000000001	1.11175257602012
23193	0.449500000000001	1.11180051291974
23194	0.450400000000001	1.11184844981936
23195	0.450800000000001	1.11189638671898
23196	0.451300000000001	1.1119443236186
23197	0.451500000000001	1.11199226051823
23198	0.452200000000001	1.11204019741785
23199	0.452700000000001	1.11208813431747
23200	0.453300000000001	1.11213607121709
23201	0.454200000000001	1.11218400811671
23202	0.454800000000001	1.11223194501633
23203	0.456100000000001	1.11227988191595
23204	0.456900000000001	1.11232781881558
23205	0.457500000000001	1.1123757557152
23206	0.458100000000001	1.11242369261482
23207	0.459000000000001	1.11247162951444
23208	0.460300000000001	1.11251956641406
23209	0.461100000000001	1.11256750331368
23210	0.462100000000001	1.1126154402133
23211	0.462800000000001	1.11266337711293
23212	0.463200000000001	1.11271131401255
23213	0.463800000000001	1.11275925091217
23214	0.464500000000001	1.11280718781179
23215	0.465200000000001	1.11285512471141
23216	0.466300000000001	1.11290306161103
23217	0.467400000000001	1.11295099851065
23218	0.468400000000001	1.11299893541028
23219	0.468900000000001	1.1130468723099
23220	0.469400000000001	1.11309480920952
23221	0.470300000000001	1.11314274610914
23222	0.470900000000001	1.11319068300876
23223	0.471900000000001	1.11323861990838
23224	0.472600000000001	1.113286556808
23225	0.473000000000001	1.11333449370763
23226	0.474000000000001	1.11338243060725
23227	0.474600000000001	1.11343036750687
23228	0.475000000000001	1.11347830440649
23229	0.475900000000001	1.11352624130611
23230	0.476400000000001	1.11357417820573
23231	0.477000000000001	1.11362211510535
23232	0.477900000000001	1.11367005200498
23233	0.478400000000001	1.1137179889046
23234	0.478500000000001	1.11376592580422
23235	0.479000000000001	1.11381386270384
23236	0.480400000000001	1.11386179960346
23237	0.481400000000001	1.11390973650308
23238	0.481900000000001	1.1139576734027
23239	0.482300000000001	1.11400561030233
23240	0.483100000000001	1.11405354720195
23241	0.483600000000001	1.11410148410157
23242	0.484200000000001	1.11414942100119
23243	0.484700000000001	1.11419735790081
23244	0.486000000000001	1.11424529480043
23245	0.486300000000001	1.11429323170005
23246	0.487300000000001	1.11434116859968
23247	0.488000000000001	1.1143891054993
23248	0.488500000000001	1.11443704239892
23249	0.489300000000001	1.11448497929854
23250	0.490200000000001	1.11453291619816
23251	0.490800000000001	1.11458085309778
23252	0.491900000000001	1.1146287899974
23253	0.492500000000001	1.11467672689703
23254	0.493300000000001	1.11472466379665
23255	0.493700000000001	1.11477260069627
23256	0.494800000000001	1.11482053759589
23257	0.495100000000001	1.11486847449551
23258	0.495800000000001	1.11491641139513
23259	0.496400000000001	1.11496434829475
23260	0.497600000000001	1.11501228519438
23261	0.498000000000001	1.115060222094
23262	0.498800000000001	1.11510815899362
23263	0.499100000000001	1.11515609589324
23264	0.500100000000001	1.11520403279286
23265	0.500400000000001	1.11525196969248
23266	0.501300000000001	1.1152999065921
23267	0.502000000000001	1.11534784349173
23268	0.502700000000001	1.11539578039135
23269	0.503500000000001	1.11544371729097
23270	0.504700000000001	1.11549165419059
23271	0.504900000000001	1.11553959109021
23272	0.506300000000001	1.11558752798983
23273	0.507400000000001	1.11563546488945
23274	0.507900000000001	1.11568340178908
23275	0.509000000000001	1.1157313386887
23276	0.509300000000001	1.11577927558832
23277	0.509900000000001	1.11582721248794
23278	0.510600000000001	1.11587514938756
23279	0.511200000000001	1.11592308628718
23280	0.511500000000001	1.1159710231868
23281	0.512000000000001	1.11601896008643
23282	0.513300000000001	1.11606689698605
23283	0.514200000000001	1.11611483388567
23284	0.514600000000001	1.11616277078529
23285	0.515700000000001	1.11621070768491
23286	0.516700000000001	1.11625864458453
23287	0.517700000000001	1.11630658148415
23288	0.519300000000001	1.11635451838378
23289	0.519700000000001	1.1164024552834
23290	0.520700000000001	1.11645039218302
23291	0.521100000000001	1.11649832908264
23292	0.521900000000001	1.11654626598226
23293	0.522600000000001	1.11659420288188
23294	0.523100000000001	1.1166421397815
23295	0.524100000000001	1.11669007668113
23296	0.524800000000001	1.11673801358075
23297	0.525400000000001	1.11678595048037
23298	0.526200000000001	1.11683388737999
23299	0.526600000000001	1.11688182427961
23300	0.526700000000001	1.11692976117923
23301	0.527500000000001	1.11697769807885
23302	0.528000000000001	1.11702563497848
23303	0.528700000000001	1.1170735718781
23304	0.529600000000001	1.11712150877772
23305	0.530400000000001	1.11716944567734
23306	0.530800000000001	1.11721738257696
23307	0.531500000000001	1.11726531947658
23308	0.532600000000001	1.1173132563762
23309	0.533300000000001	1.11736119327583
23310	0.534100000000001	1.11740913017545
23311	0.534500000000001	1.11745706707507
23312	0.534900000000001	1.11750500397469
23313	0.535900000000001	1.11755294087431
23314	0.536400000000001	1.11760087777393
23315	0.536900000000001	1.11764881467355
23316	0.537600000000001	1.11769675157318
23317	0.538600000000001	1.1177446884728
23318	0.540100000000001	1.11779262537242
23319	0.541100000000001	1.11784056227204
23320	0.541900000000001	1.11788849917166
23321	0.542600000000001	1.11793643607128
23322	0.543200000000001	1.1179843729709
23323	0.543900000000001	1.11803230987053
23324	0.544300000000001	1.11808024677015
23325	0.545300000000001	1.11812818366977
23326	0.546000000000001	1.11817612056939
23327	0.546400000000001	1.11822405746901
23328	0.547300000000001	1.11827199436863
23329	0.548200000000001	1.11831993126825
23330	0.549400000000001	1.11836786816788
23331	0.550100000000001	1.1184158050675
23332	0.551200000000001	1.11846374196712
23333	0.552300000000001	1.11851167886674
23334	0.552500000000001	1.11855961576636
23335	0.553200000000001	1.11860755266598
23336	0.553800000000001	1.1186554895656
23337	0.554600000000001	1.11870342646523
23338	0.554900000000001	1.11875136336485
23339	0.555200000000001	1.11879930026447
23340	0.556100000000001	1.11884723716409
23341	0.556900000000001	1.11889517406371
23342	0.558000000000001	1.11894311096333
23343	0.558600000000001	1.11899104786295
23344	0.559400000000001	1.11903898476258
23345	0.560000000000001	1.1190869216622
23346	0.561100000000001	1.11913485856182
23347	0.562100000000001	1.11918279546144
23348	0.562900000000001	1.11923073236106
23349	0.563300000000001	1.11927866926068
23350	0.563900000000001	1.1193266061603
23351	0.564500000000001	1.11937454305993
23352	0.565000000000001	1.11942247995955
23353	0.566000000000001	1.11947041685917
23354	0.566800000000001	1.11951835375879
23355	0.567300000000001	1.11956629065841
23356	0.567900000000001	1.11961422755803
23357	0.568600000000001	1.11966216445765
23358	0.569300000000001	1.11971010135728
23359	0.570200000000001	1.1197580382569
23360	0.570900000000001	1.11980597515652
23361	0.571600000000001	1.11985391205614
23362	0.572400000000001	1.11990184895576
23363	0.573000000000001	1.11994978585538
23364	0.573700000000001	1.119997722755
23365	0.574500000000001	1.12004565965463
23366	0.575000000000001	1.12009359655425
23367	0.575900000000001	1.12014153345387
23369	0.576700000000001	1.12023740725311
23370	0.577800000000001	1.12028534415273
23371	0.578500000000001	1.12033328105235
23372	0.579600000000001	1.12038121795198
23373	0.580300000000001	1.1204291548516
23374	0.580800000000001	1.12047709175122
23375	0.581800000000001	1.12052502865084
23376	0.582700000000001	1.12057296555046
23377	0.583100000000001	1.12062090245008
23378	0.583600000000001	1.1206688393497
23379	0.584000000000001	1.12071677624933
23380	0.584700000000001	1.12076471314895
23381	0.586000000000001	1.12081265004857
23382	0.586700000000001	1.12086058694819
23383	0.587500000000001	1.12090852384781
23384	0.588300000000001	1.12095646074743
23385	0.589500000000001	1.12100439764705
23386	0.590100000000001	1.12105233454668
23387	0.591000000000001	1.1211002714463
23388	0.591600000000001	1.12114820834592
23389	0.591900000000001	1.12119614524554
23390	0.592700000000001	1.12124408214516
23391	0.593200000000001	1.12129201904478
23392	0.593800000000001	1.1213399559444
23393	0.594200000000001	1.12138789284403
23394	0.594600000000001	1.12143582974365
23395	0.595100000000001	1.12148376664327
23396	0.596400000000001	1.12153170354289
23397	0.596700000000001	1.12157964044251
23398	0.597200000000001	1.12162757734213
23399	0.598300000000001	1.12167551424175
23400	0.599100000000001	1.12172345114138
23401	0.599600000000001	1.121771388041
23402	0.600500000000001	1.12181932494062
23403	0.601800000000001	1.12186726184024
23404	0.602100000000001	1.12191519873986
23405	0.602900000000001	1.12196313563948
23406	0.603600000000001	1.1220110725391
23407	0.603700000000001	1.12205900943873
23408	0.604600000000001	1.12210694633835
23409	0.605300000000001	1.12215488323797
23410	0.606000000000001	1.12220282013759
23411	0.606700000000001	1.12225075703721
23412	0.607500000000001	1.12229869393683
23413	0.608100000000001	1.12234663083645
23414	0.609100000000001	1.12239456773607
23415	0.609900000000001	1.1224425046357
23416	0.610500000000001	1.12249044153532
23417	0.611400000000001	1.12253837843494
23418	0.612200000000001	1.12258631533456
23419	0.613000000000001	1.12263425223418
23420	0.614200000000001	1.1226821891338
23421	0.614800000000001	1.12273012603343
23422	0.615700000000001	1.12277806293305
23423	0.616700000000001	1.12282599983267
23424	0.617400000000001	1.12287393673229
23425	0.617900000000001	1.12292187363191
23426	0.618900000000001	1.12296981053153
23427	0.619700000000001	1.12301774743115
23428	0.620200000000001	1.12306568433078
23429	0.620900000000001	1.1231136212304
23430	0.621900000000001	1.12316155813002
23431	0.622800000000001	1.12320949502964
23432	0.623800000000001	1.12325743192926
23433	0.624800000000001	1.12330536882888
23434	0.625500000000001	1.1233533057285
23435	0.626100000000001	1.12340124262813
23436	0.626900000000001	1.12344917952775
23437	0.627700000000001	1.12349711642737
23438	0.628400000000001	1.12354505332699
23439	0.629100000000001	1.12359299022661
23440	0.630000000000001	1.12364092712623
23441	0.631000000000001	1.12368886402585
23442	0.631700000000001	1.12373680092547
23443	0.632500000000002	1.1237847378251
23444	0.633000000000001	1.12383267472472
23445	0.633900000000001	1.12388061162434
23446	0.634800000000001	1.12392854852396
23447	0.635600000000001	1.12397648542358
23448	0.636300000000002	1.1240244223232
23449	0.637000000000002	1.12407235922283
23450	0.637500000000002	1.12412029612245
23451	0.638100000000002	1.12416823302207
23452	0.638900000000002	1.12421616992169
23453	0.639500000000002	1.12426410682131
23454	0.640400000000002	1.12431204372093
23455	0.641400000000002	1.12435998062055
23456	0.641700000000002	1.12440791752018
23457	0.642400000000002	1.1244558544198
23458	0.643400000000002	1.12450379131942
23459	0.644200000000002	1.12455172821904
23460	0.644900000000002	1.12459966511866
23461	0.645600000000002	1.12464760201828
23462	0.646000000000002	1.1246955389179
23463	0.646500000000002	1.12474347581752
23464	0.647100000000002	1.12479141271715
23465	0.647900000000002	1.12483934961677
23466	0.648900000000002	1.12488728651639
23467	0.649500000000002	1.12493522341601
23468	0.650100000000002	1.12498316031563
23469	0.651100000000002	1.12503109721525
23470	0.651800000000002	1.12507903411487
23471	0.652600000000002	1.1251269710145
23472	0.653300000000002	1.12517490791412
23473	0.653900000000002	1.12522284481374
23474	0.654600000000002	1.12527078171336
23475	0.655300000000002	1.12531871861298
23476	0.656000000000002	1.1253666555126
23477	0.656700000000002	1.12541459241222
23478	0.657800000000002	1.12546252931185
23479	0.658700000000002	1.12551046621147
23480	0.659200000000002	1.12555840311109
23481	0.659900000000002	1.12560634001071
23482	0.660700000000002	1.12565427691033
23483	0.661200000000002	1.12570221380995
23484	0.662000000000002	1.12575015070958
23485	0.662700000000002	1.1257980876092
23486	0.663500000000002	1.12584602450882
23487	0.664700000000002	1.12589396140844
23488	0.665200000000002	1.12594189830806
23489	0.665800000000002	1.12598983520768
23490	0.666700000000002	1.1260377721073
23491	0.668300000000002	1.12608570900692
23492	0.668900000000002	1.12613364590655
23493	0.669600000000002	1.12618158280617
23494	0.670100000000002	1.12622951970579
23495	0.670900000000002	1.12627745660541
23496	0.671500000000002	1.12632539350503
23497	0.672100000000002	1.12637333040465
23498	0.672700000000002	1.12642126730427
23499	0.673100000000002	1.1264692042039
23500	0.673700000000002	1.12651714110352
23501	0.674000000000002	1.12656507800314
23502	0.674600000000002	1.12661301490276
23503	0.675300000000002	1.12666095180238
23504	0.676100000000002	1.126708888702
23505	0.676900000000002	1.12675682560162
23506	0.678400000000002	1.12680476250125
23507	0.679100000000002	1.12685269940087
23508	0.679600000000002	1.12690063630049
23509	0.680300000000002	1.12694857320011
23510	0.680900000000002	1.12699651009973
23511	0.681800000000002	1.12704444699935
23512	0.682300000000002	1.12709238389897
23513	0.683000000000002	1.1271403207986
23514	0.683600000000002	1.12718825769822
23515	0.684100000000002	1.12723619459784
23516	0.685000000000002	1.12728413149746
23517	0.685600000000002	1.12733206839708
23518	0.686000000000002	1.1273800052967
23519	0.686900000000002	1.12742794219632
23520	0.687100000000002	1.12747587909595
23521	0.688100000000002	1.12752381599557
23522	0.688600000000002	1.12757175289519
23523	0.689200000000002	1.12761968979481
23524	0.689700000000002	1.12766762669443
23525	0.690000000000002	1.12771556359405
23526	0.690400000000002	1.12776350049367
23527	0.691300000000002	1.1278114373933
23528	0.692300000000002	1.12785937429292
23529	0.693100000000002	1.12790731119254
23530	0.694000000000002	1.12795524809216
23531	0.694300000000002	1.12800318499178
23532	0.695000000000002	1.1280511218914
23533	0.695500000000002	1.12809905879102
23534	0.696000000000002	1.12814699569065
23535	0.696900000000002	1.12819493259027
23536	0.698100000000002	1.12824286948989
23537	0.698600000000002	1.12829080638951
23538	0.699300000000002	1.12833874328913
23539	0.700100000000002	1.12838668018875
23540	0.700500000000002	1.12843461708837
23541	0.701200000000002	1.128482553988
23542	0.702200000000002	1.12853049088762
23543	0.703400000000002	1.12857842778724
23544	0.704200000000002	1.12862636468686
23545	0.705100000000002	1.12867430158648
23546	0.706100000000002	1.1287222384861
23547	0.706500000000002	1.12877017538572
23548	0.707000000000002	1.12881811228535
23549	0.707900000000002	1.12886604918497
23550	0.708600000000002	1.12891398608459
23551	0.709100000000002	1.12896192298421
23552	0.710300000000002	1.12900985988383
23553	0.710900000000002	1.12905779678345
23554	0.711900000000002	1.12910573368307
23555	0.712700000000002	1.1291536705827
23556	0.713300000000002	1.12920160748232
23557	0.714400000000002	1.12924954438194
23558	0.714800000000002	1.12929748128156
23559	0.715400000000002	1.12934541818118
23560	0.716000000000002	1.1293933550808
23561	0.716800000000002	1.12944129198042
23562	0.717400000000002	1.12948922888005
23563	0.718300000000002	1.12953716577967
23564	0.719200000000002	1.12958510267929
23565	0.719900000000002	1.12963303957891
23566	0.720500000000002	1.12968097647853
23567	0.721400000000002	1.12972891337815
23568	0.721900000000002	1.12977685027777
23569	0.722700000000002	1.1298247871774
23570	0.723100000000002	1.12987272407702
23571	0.724100000000002	1.12992066097664
23572	0.724900000000002	1.12996859787626
23573	0.725200000000002	1.13001653477588
23574	0.725900000000002	1.1300644716755
23575	0.726500000000002	1.13011240857512
23576	0.726900000000002	1.13016034547475
23577	0.727800000000002	1.13020828237437
23578	0.728400000000002	1.13025621927399
23579	0.729300000000002	1.13030415617361
23580	0.729900000000002	1.13035209307323
23581	0.730800000000002	1.13040002997285
23582	0.731300000000002	1.13044796687247
23583	0.732100000000002	1.1304959037721
23584	0.733100000000002	1.13054384067172
23585	0.733800000000002	1.13059177757134
23586	0.734400000000002	1.13063971447096
23587	0.734800000000002	1.13068765137058
23588	0.735400000000002	1.1307355882702
23589	0.736200000000003	1.13078352516982
23590	0.737000000000003	1.13083146206945
23591	0.737300000000003	1.13087939896907
23592	0.738000000000003	1.13092733586869
23593	0.738200000000003	1.13097527276831
23594	0.738600000000002	1.13102320966793
23595	0.739600000000002	1.13107114656755
23596	0.740700000000002	1.13111908346717
23597	0.741200000000002	1.1311670203668
23598	0.742200000000002	1.13121495726642
23599	0.742300000000002	1.13126289416604
23600	0.742700000000002	1.13131083106566
23601	0.743100000000002	1.13135876796528
23602	0.743500000000002	1.1314067048649
23603	0.744200000000002	1.13145464176452
23604	0.744700000000002	1.13150257866415
23605	0.745100000000002	1.13155051556377
23606	0.745700000000002	1.13159845246339
23607	0.746500000000002	1.13164638936301
23608	0.747200000000002	1.13169432626263
23609	0.747800000000002	1.13174226316225
23610	0.748300000000002	1.13179020006187
23611	0.749300000000002	1.1318381369615
23612	0.749700000000002	1.13188607386112
23613	0.750600000000002	1.13193401076074
23614	0.751400000000002	1.13198194766036
23615	0.752200000000002	1.13202988455998
23616	0.752500000000002	1.1320778214596
23617	0.753500000000002	1.13212575835922
23618	0.754200000000002	1.13217369525885
23619	0.754500000000002	1.13222163215847
23620	0.755100000000002	1.13226956905809
23621	0.755700000000002	1.13231750595771
23622	0.755900000000002	1.13236544285733
23623	0.756300000000002	1.13241337975695
23624	0.757000000000002	1.13246131665657
23625	0.757500000000002	1.1325092535562
23626	0.757900000000002	1.13255719045582
23627	0.758800000000002	1.13260512735544
23628	0.759300000000002	1.13265306425506
23629	0.759900000000002	1.13270100115468
23630	0.760000000000002	1.1327489380543
23631	0.760700000000002	1.13279687495392
23632	0.761400000000002	1.13284481185355
23633	0.762400000000002	1.13289274875317
23634	0.762800000000002	1.13294068565279
23635	0.763800000000002	1.13298862255241
23636	0.764400000000002	1.13303655945203
23637	0.764800000000002	1.13308449635165
23638	0.765400000000002	1.13313243325127
23639	0.766700000000002	1.1331803701509
23640	0.767700000000002	1.13322830705052
23641	0.768300000000002	1.13327624395014
23642	0.769000000000002	1.13332418084976
23643	0.769300000000002	1.13337211774938
23644	0.770000000000002	1.133420054649
23645	0.770600000000002	1.13346799154862
23646	0.771000000000002	1.13351592844825
23647	0.771100000000002	1.13356386534787
23648	0.771500000000002	1.13361180224749
23649	0.771900000000002	1.13365973914711
23650	0.772200000000002	1.13370767604673
23651	0.772500000000002	1.13375561294635
23652	0.773200000000002	1.13380354984597
23653	0.773900000000002	1.1338514867456
23654	0.774200000000002	1.13389942364522
23655	0.774700000000002	1.13394736054484
23656	0.775200000000002	1.13399529744446
23657	0.775900000000002	1.13404323434408
23658	0.776700000000002	1.1340911712437
23659	0.777300000000002	1.13413910814332
23660	0.777600000000002	1.13418704504295
23661	0.778100000000002	1.13423498194257
23662	0.778900000000002	1.13428291884219
23663	0.779300000000002	1.13433085574181
23664	0.779600000000002	1.13437879264143
23665	0.780300000000002	1.13442672954105
23666	0.780900000000002	1.13447466644067
23667	0.781400000000002	1.1345226033403
23668	0.782200000000002	1.13457054023992
23669	0.782600000000002	1.13461847713954
23670	0.782900000000002	1.13466641403916
23671	0.783700000000002	1.13471435093878
23672	0.784700000000002	1.1347622878384
23673	0.785500000000002	1.13481022473802
23674	0.785700000000002	1.13485816163765
23675	0.786300000000002	1.13490609853727
23676	0.786700000000002	1.13495403543689
23677	0.787300000000002	1.13500197233651
23678	0.788000000000002	1.13504990923613
23679	0.788200000000002	1.13509784613575
23680	0.789000000000002	1.13514578303537
23681	0.789500000000002	1.135193719935
23682	0.790400000000002	1.13524165683462
23683	0.791600000000002	1.13528959373424
23684	0.791800000000002	1.13533753063386
23685	0.792600000000002	1.13538546753348
23686	0.793000000000002	1.1354334044331
23687	0.793400000000002	1.13548134133272
23688	0.794000000000002	1.13552927823235
23689	0.794500000000002	1.13557721513197
23690	0.795200000000002	1.13562515203159
23691	0.795700000000002	1.13567308893121
23692	0.796900000000002	1.13572102583083
23693	0.797200000000002	1.13576896273045
23694	0.797800000000002	1.13581689963007
23695	0.798500000000002	1.1358648365297
23696	0.798800000000002	1.13591277342932
23697	0.799300000000002	1.13596071032894
23698	0.799500000000002	1.13600864722856
23699	0.800100000000002	1.13605658412818
23700	0.800600000000002	1.1361045210278
23701	0.801200000000002	1.13615245792742
23702	0.801500000000002	1.13620039482705
23703	0.802000000000002	1.13624833172667
23704	0.802400000000002	1.13629626862629
23705	0.803000000000002	1.13634420552591
23706	0.803400000000002	1.13639214242553
23707	0.803900000000002	1.13644007932515
23708	0.804200000000002	1.13648801622477
23709	0.804400000000002	1.1365359531244
23710	0.805100000000002	1.13658389002402
23711	0.805600000000002	1.13663182692364
23712	0.806400000000002	1.13667976382326
23713	0.807100000000002	1.13672770072288
23714	0.807800000000002	1.1367756376225
23715	0.808000000000002	1.13682357452212
23716	0.808500000000002	1.13687151142175
23717	0.809400000000002	1.13691944832137
23718	0.810100000000002	1.13696738522099
23719	0.810700000000002	1.13701532212061
23720	0.811300000000002	1.13706325902023
23721	0.811700000000002	1.13711119591985
23722	0.812100000000002	1.13715913281947
23723	0.812800000000002	1.1372070697191
23724	0.813500000000002	1.13725500661872
23725	0.814000000000002	1.13730294351834
23726	0.814500000000002	1.13735088041796
23727	0.815000000000002	1.13739881731758
23728	0.815800000000002	1.1374467542172
23729	0.816100000000002	1.13749469111682
23730	0.816400000000002	1.13754262801645
23731	0.817100000000002	1.13759056491607
23732	0.817400000000002	1.13763850181569
23733	0.817800000000002	1.13768643871531
23734	0.818700000000002	1.13773437561493
23735	0.819300000000002	1.13778231251455
23736	0.819900000000002	1.13783024941417
23737	0.820500000000002	1.1378781863138
23738	0.820800000000002	1.13792612321342
23739	0.821600000000002	1.13797406011304
23740	0.822100000000002	1.13802199701266
23741	0.822300000000002	1.13806993391228
23742	0.823300000000002	1.1381178708119
23743	0.823600000000002	1.13816580771152
23744	0.824100000000001	1.13821374461115
23745	0.824600000000001	1.13826168151077
23746	0.825500000000001	1.13830961841039
23747	0.825900000000001	1.13835755531001
23748	0.826300000000001	1.13840549220963
23749	0.826800000000001	1.13845342910925
23750	0.827100000000001	1.13850136600887
23751	0.827800000000001	1.1385493029085
23752	0.828400000000001	1.13859723980812
23753	0.828800000000001	1.13864517670774
23754	0.829200000000001	1.13869311360736
23755	0.829900000000001	1.13874105050698
23756	0.830200000000001	1.1387889874066
23757	0.830700000000001	1.13883692430622
23758	0.831300000000001	1.13888486120585
23759	0.832100000000001	1.13893279810547
23760	0.832400000000001	1.13898073500509
23761	0.832800000000001	1.13902867190471
23762	0.833100000000001	1.13907660880433
23763	0.833500000000001	1.13912454570395
23764	0.833800000000001	1.13917248260357
23765	0.834400000000001	1.1392204195032
23766	0.834700000000001	1.13926835640282
23767	0.835300000000001	1.13931629330244
23768	0.835500000000001	1.13936423020206
23769	0.835700000000001	1.13941216710168
23770	0.836500000000001	1.1394601040013
23771	0.836700000000001	1.13950804090092
23772	0.837100000000001	1.13955597780055
23773	0.837800000000001	1.13960391470017
23774	0.838200000000001	1.13965185159979
23775	0.838600000000001	1.13969978849941
23776	0.838700000000001	1.13974772539903
23777	0.839100000000001	1.13979566229865
23778	0.839600000000001	1.13984359919827
23779	0.839700000000001	1.1398915360979
23780	0.840000000000001	1.13993947299752
23781	0.840400000000001	1.13998740989714
23782	0.840800000000001	1.14003534679676
23783	0.841400000000001	1.14008328369638
23784	0.842300000000001	1.140131220596
23785	0.842600000000001	1.14017915749562
23786	0.843600000000001	1.14022709439525
23787	0.844000000000001	1.14027503129487
23788	0.844400000000001	1.14032296819449
23789	0.844900000000001	1.14037090509411
23790	0.845100000000001	1.14041884199373
23791	0.845900000000001	1.14046677889335
23792	0.846400000000001	1.14051471579297
23793	0.846800000000001	1.1405626526926
23794	0.8473	1.14061058959222
23795	0.8476	1.14065852649184
23796	0.8481	1.14070646339146
23797	0.8485	1.14075440029108
23798	0.8487	1.1408023371907
23799	0.8489	1.14085027409032
23800	0.8497	1.14089821098995
23801	0.8503	1.14094614788957
23802	0.8504	1.14099408478919
23803	0.851	1.14104202168881
23804	0.8511	1.14108995858843
23805	0.8517	1.14113789548805
23806	0.8522	1.14118583238767
23807	0.8527	1.1412337692873
23808	0.8533	1.14128170618692
23809	0.8542	1.14132964308654
23810	0.8543	1.14137757998616
23811	0.8549	1.14142551688578
23812	0.8558	1.1414734537854
23813	0.8562	1.14152139068502
23814	0.8563	1.14156932758465
23815	0.8571	1.14161726448427
23816	0.8576	1.14166520138389
23817	0.8577	1.14171313828351
23818	0.8582	1.14176107518313
23819	0.8588	1.14180901208275
23820	0.8595	1.14185694898237
23821	0.8598	1.141904885882
23822	0.86	1.14195282278162
23823	0.8602	1.14200075968124
23824	0.8606	1.14204869658086
23825	0.8612	1.14209663348048
23826	0.8619	1.1421445703801
23827	0.862	1.14219250727972
23828	0.8623	1.14224044417935
23829	0.8627	1.14228838107897
23830	0.8631	1.14233631797859
23831	0.8635	1.14238425487821
23832	0.864	1.14243219177783
23833	0.8645	1.14248012867745
23834	0.8647	1.14252806557707
23835	0.8651	1.1425760024767
23836	0.8654	1.14262393937632
23837	0.8658	1.14267187627594
23838	0.8663	1.14271981317556
23839	0.8667	1.14276775007518
23840	0.8676	1.1428156869748
23841	0.8685	1.14286362387442
23842	0.8687	1.14291156077405
23843	0.8691	1.14295949767367
23844	0.8694	1.14300743457329
23845	0.8696	1.14305537147291
23846	0.8697	1.14310330837253
23847	0.8701	1.14315124527215
23848	0.8704	1.14319918217177
23849	0.8709	1.1432471190714
23850	0.8712	1.14329505597102
23851	0.871499999999999	1.14334299287064
23852	0.871799999999999	1.14339092977026
23853	0.872099999999999	1.14343886666988
23854	0.872499999999999	1.1434868035695
23855	0.872899999999999	1.14353474046912
23856	0.873199999999999	1.14358267736875
23857	0.873699999999999	1.14363061426837
23858	0.873999999999999	1.14367855116799
23859	0.874099999999999	1.14372648806761
23860	0.874399999999999	1.14377442496723
23861	0.874899999999999	1.14382236186685
23862	0.874999999999999	1.14387029876647
23863	0.875099999999999	1.1439182356661
23864	0.875199999999999	1.14396617256572
23865	0.875899999999999	1.14401410946534
23866	0.876499999999999	1.14406204636496
23867	0.876899999999999	1.14410998326458
23868	0.877499999999999	1.1441579201642
23870	0.878199999999999	1.14425379396345
23871	0.878499999999999	1.14430173086307
23872	0.878999999999999	1.14434966776269
23873	0.879399999999999	1.14439760466231
23874	0.879899999999999	1.14444554156193
23875	0.880399999999999	1.14449347846155
23876	0.880899999999999	1.14454141536117
23877	0.881199999999999	1.1445893522608
23878	0.881599999999999	1.14463728916042
23879	0.882299999999999	1.14468522606004
23880	0.882599999999999	1.14473316295966
23881	0.883099999999999	1.14478109985928
23882	0.883399999999999	1.1448290367589
23883	0.883599999999999	1.14487697365852
23884	0.884199999999999	1.14492491055815
23885	0.884699999999999	1.14497284745777
23886	0.885399999999999	1.14502078435739
23887	0.886199999999999	1.14506872125701
23888	0.886499999999999	1.14511665815663
23889	0.886699999999999	1.14516459505625
23890	0.887099999999999	1.14521253195587
23891	0.887299999999999	1.1452604688555
23892	0.887599999999999	1.14530840575512
23893	0.888199999999999	1.14535634265474
23894	0.888299999999999	1.14540427955436
23896	0.889099999999999	1.1455001533536
23897	0.889499999999999	1.14554809025322
23898	0.889699999999999	1.14559602715285
23899	0.890799999999999	1.14564396405247
23900	0.890999999999999	1.14569190095209
23901	0.891499999999999	1.14573983785171
23902	0.891699999999998	1.14578777475133
23903	0.891899999999998	1.14583571165095
23904	0.892199999999998	1.14588364855057
23905	0.892399999999998	1.1459315854502
23906	0.892599999999998	1.14597952234982
23907	0.892699999999998	1.14602745924944
23908	0.892799999999998	1.14607539614906
23909	0.893399999999998	1.14612333304868
23910	0.893699999999998	1.1461712699483
23911	0.894299999999998	1.14621920684792
23914	0.894499999999998	1.14636301754679
23915	0.894599999999998	1.14641095444641
23916	0.894799999999998	1.14645889134603
23917	0.895299999999998	1.14650682824565
23918	0.895699999999998	1.14655476514527
23919	0.896099999999998	1.1466027020449
23920	0.896399999999998	1.14665063894452
23921	0.897199999999998	1.14669857584414
23922	0.897499999999998	1.14674651274376
23923	0.897599999999998	1.14679444964338
23924	0.897899999999998	1.146842386543
23925	0.898399999999998	1.14689032344262
23926	0.898899999999998	1.14693826034225
23927	0.898999999999998	1.14698619724187
23928	0.899599999999998	1.14703413414149
23929	0.899799999999998	1.14708207104111
23930	0.900299999999998	1.14713000794073
23931	0.900799999999998	1.14717794484035
23932	0.901099999999998	1.14722588173997
23933	0.901499999999998	1.1472738186396
23934	0.901899999999998	1.14732175553922
23935	0.901999999999998	1.14736969243884
23936	0.902299999999998	1.14741762933846
23937	0.902499999999998	1.14746556623808
23938	0.902899999999998	1.1475135031377
23939	0.903199999999998	1.14756144003732
23940	0.903899999999998	1.14760937693695
23941	0.904199999999998	1.14765731383657
23942	0.904599999999998	1.14770525073619
23943	0.904899999999998	1.14775318763581
23944	0.905099999999998	1.14780112453543
23945	0.905399999999998	1.14784906143505
23946	0.905699999999998	1.14789699833467
23947	0.906099999999997	1.1479449352343
23948	0.906399999999997	1.14799287213392
23949	0.906799999999997	1.14804080903354
23950	0.906899999999997	1.14808874593316
23951	0.907299999999997	1.14813668283278
23952	0.907699999999997	1.1481846197324
23953	0.908099999999997	1.14823255663202
23954	0.908299999999997	1.14828049353165
23955	0.908399999999997	1.14832843043127
23956	0.908799999999997	1.14837636733089
23957	0.909699999999997	1.14842430423051
23958	0.910399999999997	1.14847224113013
23959	0.910499999999997	1.14852017802975
23962	0.910599999999997	1.14866398872862
23963	0.910899999999997	1.14871192562824
23964	0.911299999999997	1.14875986252786
23965	0.911899999999997	1.14880779942748
23966	0.912199999999997	1.1488557363271
23967	0.912599999999997	1.14890367322672
23969	0.912799999999997	1.14899954702597
23970	0.912999999999997	1.14904748392559
23971	0.913299999999997	1.14909542082521
23972	0.913399999999997	1.14914335772483
23973	0.913599999999997	1.14919129462445
23974	0.913999999999997	1.14923923152407
23975	0.914499999999997	1.1492871684237
23976	0.914899999999997	1.14933510532332
23977	0.915199999999997	1.14938304222294
23978	0.915599999999997	1.14943097912256
23979	0.915699999999997	1.14947891602218
23980	0.916299999999997	1.1495268529218
23981	0.916899999999997	1.14957478982142
23982	0.917199999999997	1.14962272672105
23983	0.917699999999997	1.14967066362067
23984	0.917899999999997	1.14971860052029
23985	0.918199999999997	1.14976653741991
23986	0.918499999999997	1.14981447431953
23987	0.918599999999997	1.14986241121915
23988	0.918899999999997	1.14991034811877
23989	0.919599999999997	1.1499582850184
23991	0.920099999999997	1.15005415881764
23992	0.920799999999997	1.15010209571726
23993	0.920999999999997	1.15015003261688
23994	0.921299999999997	1.1501979695165
23995	0.921699999999997	1.15024590641612
23996	0.921899999999997	1.15029384331575
23997	0.922299999999996	1.15034178021537
23998	0.922399999999996	1.15038971711499
23999	0.922499999999996	1.15043765401461
24000	0.922699999999996	1.15048559091423
24001	0.922899999999996	1.15053352781385
24002	0.923299999999996	1.15058146471347
24003	0.923599999999996	1.1506294016131
24004	0.923799999999996	1.15067733851272
24005	0.924099999999996	1.15072527541234
24006	0.924199999999996	1.15077321231196
24007	0.924599999999996	1.15082114921158
24008	0.924999999999996	1.1508690861112
24009	0.925199999999996	1.15091702301082
24010	0.925499999999996	1.15096495991045
24011	0.925699999999996	1.15101289681007
24012	0.925999999999996	1.15106083370969
24013	0.926099999999996	1.15110877060931
24014	0.926199999999996	1.15115670750893
24015	0.926499999999996	1.15120464440855
24016	0.926899999999996	1.15125258130817
24017	0.927299999999996	1.1513005182078
24018	0.927399999999996	1.15134845510742
24019	0.927799999999996	1.15139639200704
24020	0.928299999999996	1.15144432890666
24021	0.928599999999996	1.15149226580628
24022	0.928999999999996	1.1515402027059
24023	0.929199999999996	1.15158813960552
24024	0.929499999999996	1.15163607650514
24025	0.929699999999996	1.15168401340477
24026	0.929799999999996	1.15173195030439
24027	0.929899999999996	1.15177988720401
24028	0.930199999999996	1.15182782410363
24029	0.930399999999996	1.15187576100325
24030	0.930699999999996	1.15192369790287
24031	0.930899999999996	1.1519716348025
24032	0.931099999999995	1.15201957170212
24033	0.931699999999996	1.15206750860174
24034	0.931999999999995	1.15211544550136
24035	0.932099999999995	1.15216338240098
24036	0.932499999999995	1.1522113193006
24037	0.932799999999995	1.15225925620022
24038	0.932899999999995	1.15230719309984
24039	0.933099999999995	1.15235512999947
24040	0.933399999999995	1.15240306689909
24041	0.933799999999995	1.15245100379871
24042	0.933899999999995	1.15249894069833
24043	0.934099999999995	1.15254687759795
24044	0.934199999999995	1.15259481449757
24045	0.934499999999995	1.1526427513972
24046	0.934599999999995	1.15269068829682
24049	0.934799999999995	1.15283449899568
24050	0.935099999999995	1.1528824358953
24051	0.935499999999995	1.15293037279492
24052	0.935599999999995	1.15297830969455
24053	0.935799999999995	1.15302624659417
24054	0.936099999999995	1.15307418349379
24055	0.936599999999995	1.15312212039341
24056	0.936699999999995	1.15317005729303
24057	0.936899999999995	1.15321799419265
24058	0.937199999999995	1.15326593109227
24059	0.937499999999995	1.1533138679919
24060	0.937699999999995	1.15336180489152
24061	0.937799999999995	1.15340974179114
24062	0.937899999999995	1.15345767869076
24063	0.937999999999995	1.15350561559038
24064	0.938299999999995	1.15355355249
24065	0.938599999999995	1.15360148938962
24066	0.938799999999995	1.15364942628924
24067	0.938899999999995	1.15369736318887
24068	0.939099999999995	1.15374530008849
24069	0.939299999999995	1.15379323698811
24070	0.939599999999995	1.15384117388773
24072	0.939799999999995	1.15393704768697
24073	0.940299999999995	1.15398498458659
24075	0.940899999999995	1.15408085838584
24076	0.941299999999995	1.15412879528546
24077	0.941499999999995	1.15417673218508
24078	0.941899999999995	1.1542246690847
24079	0.942299999999994	1.15427260598432
24080	0.942399999999994	1.15432054288394
24082	0.942599999999994	1.15441641668319
24083	0.942999999999994	1.15446435358281
24084	0.943399999999994	1.15451229048243
24085	0.943599999999994	1.15456022738205
24086	0.943899999999994	1.15460816428167
24087	0.944199999999994	1.1546561011813
24088	0.944399999999994	1.15470403808092
24089	0.944699999999994	1.15475197498054
24090	0.944799999999994	1.15479991188016
24091	0.944999999999994	1.15484784877978
24092	0.945199999999994	1.1548957856794
24093	0.945299999999994	1.15494372257902
24095	0.945499999999994	1.15503959637827
24096	0.945799999999994	1.15508753327789
24097	0.945899999999994	1.15513547017751
24098	0.945999999999994	1.15518340707713
24099	0.946199999999994	1.15523134397675
24100	0.946299999999994	1.15527928087637
24101	0.946599999999994	1.155327217776
24102	0.946899999999994	1.15537515467562
24103	0.947299999999994	1.15542309157524
24104	0.947599999999994	1.15547102847486
24106	0.947899999999994	1.1555669022741
24109	0.948099999999994	1.15571071297297
24110	0.948299999999994	1.15575864987259
24111	0.948499999999994	1.15580658677221
24112	0.948599999999994	1.15585452367183
24113	0.948999999999994	1.15590246057145
24114	0.949099999999994	1.15595039747107
24116	0.949199999999994	1.15604627127032
24117	0.949299999999994	1.15609420816994
24118	0.949399999999994	1.15614214506956
24119	0.949599999999994	1.15619008196918
24120	0.949899999999994	1.1562380188688
24122	0.949999999999994	1.15633389266804
24123	0.950099999999994	1.15638182956767
24125	0.950399999999994	1.15647770336691
24127	0.950899999999994	1.15657357716615
24128	0.950999999999994	1.15662151406577
24129	0.951199999999993	1.15666945096539
24130	0.951399999999993	1.15671738786502
24131	0.951699999999993	1.15676532476464
24132	0.951899999999993	1.15681326166426
24134	0.951999999999993	1.1569091354635
24135	0.952199999999993	1.15695707236312
24136	0.952499999999993	1.15700500926274
24137	0.952899999999993	1.15705294616237
24138	0.953099999999993	1.15710088306199
24139	0.953499999999993	1.15714881996161
24140	0.953799999999993	1.15719675686123
24143	0.953899999999993	1.15734056756009
24144	0.954099999999993	1.15738850445972
24145	0.954199999999993	1.15743644135934
24146	0.954599999999993	1.15748437825896
24150	0.954899999999993	1.15767612585744
24151	0.954999999999993	1.15772406275707
24153	0.955199999999993	1.15781993655631
24154	0.955499999999993	1.15786787345593
24155	0.955599999999993	1.15791581035555
24156	0.955799999999993	1.15796374725517
24157	0.956199999999993	1.15801168415479
24158	0.956299999999993	1.15805962105442
24159	0.956399999999993	1.15810755795404
24160	0.956499999999993	1.15815549485366
24161	0.956599999999993	1.15820343175328
24162	0.956699999999993	1.1582513686529
24163	0.956899999999993	1.15829930555252
24164	0.957199999999993	1.15834724245214
24167	0.957299999999993	1.15849105315101
24168	0.957499999999993	1.15853899005063
24170	0.957599999999993	1.15863486384987
24171	0.957799999999993	1.15868280074949
24172	0.958199999999993	1.15873073764912
24174	0.958299999999993	1.15882661144836
24175	0.958599999999993	1.15887454834798
24176	0.958699999999993	1.1589224852476
24177	0.958999999999993	1.15897042214722
24178	0.959199999999993	1.15901835904684
24179	0.959299999999993	1.15906629594647
24180	0.959399999999993	1.15911423284609
24181	0.959599999999993	1.15916216974571
24182	0.959799999999993	1.15921010664533
24184	0.959999999999993	1.15930598044457
24186	0.960299999999992	1.15940185424382
24187	0.960599999999992	1.15944979114344
24188	0.960799999999992	1.15949772804306
24189	0.961099999999992	1.15954566494268
24190	0.961199999999992	1.1595936018423
24191	0.961399999999992	1.15964153874192
24192	0.961799999999992	1.15968947564154
24193	0.961899999999992	1.15973741254117
24194	0.962199999999992	1.15978534944079
24196	0.962299999999992	1.15988122324003
24197	0.962699999999992	1.15992916013965
24198	0.962799999999992	1.15997709703927
24199	0.962899999999992	1.16002503393889
24200	0.962999999999992	1.16007297083852
24203	0.963099999999992	1.16021678153738
24205	0.963199999999992	1.16031265533662
24206	0.963699999999992	1.16036059223624
24207	0.963899999999992	1.16040852913587
24208	0.964099999999992	1.16045646603549
24209	0.964299999999992	1.16050440293511
24210	0.964399999999992	1.16055233983473
24211	0.964499999999992	1.16060027673435
24212	0.964599999999992	1.16064821363397
24214	0.964799999999992	1.16074408743322
24215	0.964999999999992	1.16079202433284
24216	0.965099999999992	1.16083996123246
24218	0.965299999999992	1.1609358350317
24219	0.965699999999992	1.16098377193132
24222	0.965899999999992	1.16112758263019
24223	0.965999999999992	1.16117551952981
24224	0.966099999999992	1.16122345642943
24225	0.966299999999992	1.16127139332905
24227	0.966399999999992	1.16136726712829
24228	0.966599999999992	1.16141520402792
24229	0.966699999999992	1.16146314092754
24230	0.966799999999992	1.16151107782716
24231	0.966999999999992	1.16155901472678
24232	0.967099999999992	1.1616069516264
24234	0.967399999999992	1.16170282542564
24235	0.967599999999992	1.16175076232527
24236	0.967699999999992	1.16179869922489
24237	0.967899999999992	1.16184663612451
24239	0.968099999999992	1.16194250992375
24240	0.968299999999992	1.16199044682337
24241	0.968499999999992	1.16203838372299
24242	0.968599999999992	1.16208632062262
24243	0.968699999999992	1.16213425752224
24244	0.968999999999992	1.16218219442186
24247	0.969299999999992	1.16232600512072
24248	0.969399999999991	1.16237394202034
24249	0.969599999999991	1.16242187891997
24250	0.969799999999991	1.16246981581959
24251	0.969899999999991	1.16251775271921
24252	0.969999999999991	1.16256568961883
24253	0.970099999999991	1.16261362651845
24255	0.970299999999991	1.16270950031769
24256	0.970699999999991	1.16275743721732
24258	0.970799999999991	1.16285331101656
24259	0.970999999999991	1.16290124791618
24261	0.971099999999991	1.16299712171542
24262	0.971299999999991	1.16304505861504
24263	0.971599999999991	1.16309299551467
24264	0.971699999999991	1.16314093241429
24265	0.971899999999991	1.16318886931391
24266	0.971999999999991	1.16323680621353
24267	0.972199999999991	1.16328474311315
24268	0.972299999999991	1.16333268001277
24269	0.972399999999991	1.16338061691239
24271	0.972599999999991	1.16347649071164
24273	0.972799999999991	1.16357236451088
24274	0.972899999999991	1.1636203014105
24276	0.972999999999991	1.16371617520974
24279	0.973299999999991	1.16385998590861
24282	0.973399999999991	1.16400379660747
24285	0.973499999999991	1.16414760730634
24287	0.973599999999991	1.16424348110558
24289	0.973799999999991	1.16433935490482
24290	0.973899999999991	1.16438729180444
24292	0.974199999999991	1.16448316560369
24295	0.974299999999991	1.16462697630255
24296	0.974499999999991	1.16467491320217
24298	0.974699999999991	1.16477078700142
24299	0.974799999999991	1.16481872390104
24300	0.975199999999991	1.16486666080066
24302	0.975399999999991	1.1649625345999
24303	0.975599999999991	1.16501047149952
24304	0.975699999999991	1.16505840839914
24308	0.975999999999991	1.16525015599763
24309	0.976099999999991	1.16529809289725
24311	0.976199999999991	1.16539396669649
24313	0.976299999999991	1.16548984049574
24315	0.976399999999991	1.16558571429498
24316	0.976499999999991	1.1656336511946
24317	0.976599999999991	1.16568158809422
24318	0.976799999999991	1.16572952499384
24319	0.976899999999991	1.16577746189347
24320	0.976999999999991	1.16582539879309
24321	0.977099999999991	1.16587333569271
24324	0.977299999999991	1.16601714639157
24325	0.977399999999991	1.16606508329119
24326	0.977499999999991	1.16611302019082
24327	0.977599999999991	1.16616095709044
24328	0.977699999999991	1.16620889399006
24331	0.977899999999991	1.16635270468892
24332	0.978099999999991	1.16640064158854
24333	0.97839999999999	1.16644857848817
24334	0.97869999999999	1.16649651538779
24335	0.97879999999999	1.16654445228741
24336	0.97889999999999	1.16659238918703
24337	0.97909999999999	1.16664032608665
24338	0.97929999999999	1.16668826298627
24340	0.97939999999999	1.16678413678552
24342	0.97959999999999	1.16688001058476
24343	0.97979999999999	1.16692794748438
24344	0.97989999999999	1.166975884384
24345	0.97999999999999	1.16702382128362
24346	0.98009999999999	1.16707175818324
24348	0.98019999999999	1.16716763198249
24349	0.98029999999999	1.16721556888211
24350	0.98039999999999	1.16726350578173
24352	0.98049999999999	1.16735937958097
24353	0.98079999999999	1.16740731648059
24356	0.98109999999999	1.16755112717946
24358	0.98129999999999	1.1676470009787
24360	0.98139999999999	1.16774287477794
24362	0.98149999999999	1.16783874857719
24365	0.98169999999999	1.16798255927605
24367	0.98179999999999	1.16807843307529
24368	0.98189999999999	1.16812636997492
24370	0.98199999999999	1.16822224377416
24372	0.98219999999999	1.1683181175734
24375	0.98229999999999	1.16846192827227
24377	0.98239999999999	1.16855780207151
24378	0.98249999999999	1.16860573897113
24382	0.98269999999999	1.16879748656962
24385	0.98279999999999	1.16894129726848
24387	0.98289999999999	1.16903717106772
24388	0.98309999999999	1.16908510796734
24389	0.98329999999999	1.16913304486697
24390	0.98339999999999	1.16918098176659
24391	0.98359999999999	1.16922891866621
24392	0.98369999999999	1.16927685556583
24395	0.98389999999999	1.16942066626469
24396	0.98399999999999	1.16946860316432
24397	0.98419999999999	1.16951654006394
24402	0.98429999999999	1.16975622456204
24403	0.98439999999999	1.16980416146167
24404	0.98449999999999	1.16985209836129
24406	0.98469999999999	1.16994797216053
24409	0.98479999999999	1.17009178285939
24412	0.98489999999999	1.17023559355826
24413	0.98499999999999	1.17028353045788
24414	0.98509999999999	1.1703314673575
24415	0.98519999999999	1.17037940425712
24416	0.98539999999999	1.17042734115674
24418	0.98549999999999	1.17052321495599
24419	0.98559999999999	1.17057115185561
24420	0.98569999999999	1.17061908875523
24422	0.98579999999999	1.17071496255447
24423	0.98599999999999	1.17076289945409
24424	0.98609999999999	1.17081083635372
24426	0.98619999999999	1.17090671015296
24428	0.98639999999999	1.1710025839522
24429	0.98649999999999	1.17105052085182
24435	0.98669999999999	1.17133814224955
24438	0.98679999999999	1.17148195294842
24443	0.98689999999999	1.17172163744652
24444	0.98699999999999	1.17176957434614
24448	0.98709999999999	1.17196132194463
24449	0.98729999999999	1.17200925884425
24450	0.98739999999999	1.17205719574387
24452	0.987499999999989	1.17215306954312
24453	0.987599999999989	1.17220100644274
24458	0.987699999999989	1.17244069094084
24463	0.987799999999989	1.17268037543895
24464	0.987899999999989	1.17272831233857
24466	0.987999999999989	1.17282418613782
24469	0.988099999999989	1.17296799683668
24472	0.988199999999989	1.17311180753554
24475	0.988299999999989	1.17325561823441
24476	0.988399999999989	1.17330355513403
24478	0.988499999999989	1.17339942893327
24480	0.988599999999989	1.17349530273252
24483	0.988899999999989	1.17363911343138
24494	0.989099999999989	1.17416641932722
24498	0.989299999999989	1.1743581669257
24499	0.989499999999989	1.17440610382532
24500	0.989599999999989	1.17445404072494
24501	0.989699999999989	1.17450197762457
24507	0.989799999999989	1.17478959902229
24511	0.989899999999989	1.17498134662078
24516	0.989999999999989	1.17522103111889
24520	0.990099999999989	1.17541277871737
24522	0.990299999999989	1.17550865251662
24524	0.990399999999989	1.17560452631586
24526	0.990499999999989	1.1757004001151
24528	0.990599999999989	1.17579627391434
24530	0.990699999999989	1.17589214771359
24535	0.990799999999989	1.17613183221169
24545	0.990899999999989	1.17661120120791
24547	0.990999999999989	1.17670707500715
24550	0.991199999999989	1.17685088570602
24551	0.991399999999989	1.17689882260564
24552	0.991499999999989	1.17694675950526
24555	0.991599999999989	1.17709057020412
24556	0.991699999999989	1.17713850710374
24557	0.991799999999989	1.17718644400337
24559	0.991899999999989	1.17728231780261
24565	0.991999999999989	1.17756993920034
24566	0.992199999999989	1.17761787609996
24567	0.992299999999989	1.17766581299958
24568	0.992399999999989	1.1777137498992
24573	0.992499999999989	1.17795343439731
24574	0.992799999999989	1.17800137129693
24576	0.992899999999989	1.17809724509617
24577	0.993099999999989	1.17814518199579
24578	0.993299999999989	1.17819311889542
24583	0.993399999999989	1.17843280339352
24584	0.993499999999989	1.17848074029314
24587	0.993599999999989	1.17862455099201
24602	0.993699999999989	1.17934360448633
24603	0.993799999999989	1.17939154138595
24610	0.993999999999989	1.1797270996833
24617	0.994099999999989	1.18006265798065
24620	0.994199999999989	1.18020646867952
24626	0.994299999999989	1.18049409007724
24629	0.994399999999989	1.18063790077611
24630	0.994499999999989	1.18068583767573
24633	0.994599999999989	1.18082964837459
24636	0.994699999999989	1.18097345907346
24637	0.994799999999989	1.18102139597308
24652	0.994899999999989	1.1817404494674
24656	0.994999999999989	1.18193219706589
24661	0.995099999999989	1.18217188156399
24665	0.995299999999989	1.18236362916248
24669	0.995399999999989	1.18255537676097
24671	0.995499999999989	1.18265125056021
24678	0.995599999999989	1.18298680885756
24688	0.995699999999989	1.18346617785377
24695	0.995799999999989	1.18380173615112
24698	0.995899999999989	1.18394554684999
24700	0.995999999999989	1.18404142064923
24710	0.996099999999989	1.18452078964544
24724	0.996199999999989	1.18519190624014
24725	0.996299999999989	1.18523984313977
24728	0.996399999999989	1.18538365383863
24731	0.996499999999989	1.18552746453749
24736	0.996599999999988	1.1857671490356
24737	0.996699999999988	1.18581508593522
24738	0.996799999999988	1.18586302283484
24739	0.996899999999988	1.18591095973446
24745	0.996999999999988	1.18619858113219
24750	0.997099999999988	1.1864382656303
24754	0.997199999999988	1.18663001322879
24755	0.997299999999988	1.18667795012841
24756	0.997399999999988	1.18672588702803
24766	0.997499999999988	1.18720525602424
24767	0.997599999999988	1.18725319292386
24768	0.997699999999988	1.18730112982349
24775	0.997799999999988	1.18763668812084
24778	0.997899999999988	1.1877804988197
24786	0.997999999999988	1.18816399401667
24788	0.998099999999988	1.18825986781591
24794	0.998199999999988	1.18854748921364
24796	0.998299999999988	1.18864336301289
24809	0.998399999999988	1.18926654270796
24819	0.998499999999988	1.18974591170418
24833	0.998599999999988	1.19041702829888
24846	0.998799999999988	1.19104020799396
24876	0.998899999999988	1.1924783149826
24891	0.998999999999988	1.19319736847692
24901	0.999099999999988	1.19367673747314
24907	0.999199999999988	1.19396435887086
24913	0.999299999999988	1.19425198026859
24933	0.999399999999988	1.19521071826102
24946	0.999499999999988	1.1958338979561
24985	0.999599999999988	1.19770343704134
25024	0.999699999999988	1.19957297612657
25099	0.999799999999988	1.20316824359818
25128	0.999899999999988	1.2045584136872
25345	0.999999999999988	1.21496072090505
