4912	0.0001	0.719531278591603
4913	0.0002	0.719677762972424
4917	0.0003	0.720263700495707
4978	0.0004	0.729199247725774
4996	0.0005	0.731835966580547
5000	0.0006	0.73242190410383
5002	0.0007	0.732714872865472
5007	0.0008	0.733447294769576
5018	0.0009	0.735058622958604
5038	0.001	0.73798831057502
5045	0.0012	0.739013701240765
5048	0.0013	0.739453154383227
5052	0.0014	0.74003909190651
5053	0.0015	0.740185576287331
5055	0.0016	0.740478545048973
5057	0.0017	0.740771513810614
5063	0.0018	0.741650420095539
5071	0.0019	0.742822295142105
5074	0.002	0.743261748284567
5075	0.0021	0.743408232665388
5078	0.0022	0.74384768580785
5081	0.0023	0.744287138950313
5091	0.0024	0.74575198275852
5095	0.0025	0.746337920281803
5099	0.0026	0.746923857805086
5101	0.0027	0.747216826566728
5102	0.0028	0.747363310947549
5104	0.0029	0.74765627970919
5106	0.003	0.747949248470832
5107	0.0032	0.748095732851652
5109	0.0033	0.748388701613294
5110	0.0034	0.748535185994115
5115	0.0035	0.749267607898219
5117	0.0036	0.74956057665986
5120	0.0037	0.750000029802322
5121	0.0038	0.750146514183143
5124	0.004	0.750585967325605
5125	0.0041	0.750732451706426
5127	0.0043	0.751025420468068
5128	0.0044	0.751171904848889
5135	0.0045	0.752197295514634
5139	0.0046	0.752783233037917
5140	0.0047	0.752929717418738
5142	0.0048	0.753222686180379
5144	0.0049	0.753515654942021
5148	0.005	0.754101592465304
5149	0.0051	0.754248076846125
5152	0.0052	0.754687529988587
5153	0.0053	0.754834014369408
5157	0.0054	0.755419951892691
5160	0.0055	0.755859405035153
5161	0.0056	0.756005889415974
5162	0.0057	0.756152373796795
5165	0.0058	0.756591826939257
5166	0.006	0.756738311320078
5167	0.0061	0.756884795700898
5174	0.0062	0.757910186366644
5175	0.0063	0.758056670747465
5178	0.0064	0.758496123889927
5180	0.0066	0.758789092651568
5181	0.0069	0.758935577032389
5182	0.007	0.75908206141321
5183	0.0072	0.759228545794031
5184	0.0074	0.759375030174851
5186	0.0075	0.759667998936493
5187	0.0076	0.759814483317314
5188	0.0077	0.759960967698134
5189	0.0079	0.760107452078955
5190	0.008	0.760253936459776
5191	0.0082	0.760400420840597
5192	0.0086	0.760546905221418
5193	0.0087	0.760693389602238
5197	0.0088	0.761279327125521
5198	0.0089	0.761425811506342
5199	0.009	0.761572295887163
5200	0.0091	0.761718780267984
5201	0.0092	0.761865264648804
5204	0.0093	0.762304717791267
5207	0.0094	0.762744170933729
5208	0.0096	0.76289065531455
5210	0.0097	0.763183624076191
5211	0.0098	0.763330108457012
5213	0.0102	0.763623077218654
5214	0.0103	0.763769561599474
5215	0.0105	0.763916045980295
5217	0.0107	0.764209014741937
5218	0.0108	0.764355499122757
5220	0.0109	0.764648467884399
5221	0.011	0.76479495226522
5222	0.0111	0.764941436646041
5223	0.0113	0.765087921026861
5225	0.0114	0.765380889788503
5229	0.0116	0.765966827311786
5230	0.0118	0.766113311692607
5231	0.0119	0.766259796073427
5232	0.012	0.766406280454248
5234	0.0123	0.76669924921589
5235	0.0125	0.76684573359671
5236	0.0126	0.766992217977531
5240	0.0127	0.767578155500814
5241	0.0128	0.767724639881635
5242	0.013	0.767871124262456
5243	0.0132	0.768017608643277
5244	0.0133	0.768164093024097
5245	0.0134	0.768310577404918
5248	0.0135	0.76875003054738
5249	0.0136	0.768896514928201
5250	0.0137	0.769042999309022
5251	0.014	0.769189483689843
5252	0.0142	0.769335968070664
5255	0.0143	0.769775421213126
5256	0.0144	0.769921905593947
5257	0.0146	0.770068389974767
5258	0.0147	0.770214874355588
5259	0.0149	0.770361358736409
5260	0.015	0.77050784311723
5261	0.0153	0.77065432749805
5263	0.0156	0.770947296259692
5264	0.0158	0.771093780640513
5266	0.0159	0.771386749402154
5267	0.0161	0.771533233782975
5268	0.0164	0.771679718163796
5269	0.0165	0.771826202544617
5270	0.017	0.771972686925437
5272	0.0171	0.772265655687079
5274	0.0172	0.77255862444872
5275	0.0174	0.772705108829541
5277	0.0175	0.772998077591183
5278	0.0176	0.773144561972003
5279	0.0177	0.773291046352824
5280	0.0178	0.773437530733645
5282	0.0179	0.773730499495286
5283	0.018	0.773876983876107
5284	0.0181	0.774023468256928
5286	0.0183	0.77431643701857
5287	0.0185	0.77446292139939
5288	0.0188	0.774609405780211
5289	0.019	0.774755890161032
5290	0.0191	0.774902374541853
5291	0.0194	0.775048858922673
5293	0.0198	0.775341827684315
5294	0.0199	0.775488312065136
5295	0.0201	0.775634796445956
5296	0.0202	0.775781280826777
5297	0.0205	0.775927765207598
5298	0.0206	0.776074249588419
5299	0.0208	0.77622073396924
5301	0.0211	0.776513702730881
5302	0.0213	0.776660187111702
5304	0.0217	0.776953155873343
5305	0.0222	0.777099640254164
5306	0.0224	0.777246124634985
5307	0.0228	0.777392609015806
5308	0.0231	0.777539093396626
5309	0.0233	0.777685577777447
5310	0.0234	0.777832062158268
5311	0.0237	0.777978546539089
5312	0.0239	0.778125030919909
5313	0.0242	0.77827151530073
5315	0.0243	0.778564484062372
5316	0.0244	0.778710968443193
5318	0.0249	0.779003937204834
5319	0.0253	0.779150421585655
5320	0.0258	0.779296905966476
5321	0.0264	0.779443390347296
5322	0.0268	0.779589874728117
5324	0.0271	0.779882843489759
5325	0.0272	0.780029327870579
5327	0.0273	0.780322296632221
5328	0.0279	0.780468781013042
5329	0.0284	0.780615265393863
5330	0.0285	0.780761749774683
5331	0.0288	0.780908234155504
5332	0.0293	0.781054718536325
5333	0.0294	0.781201202917146
5334	0.0302	0.781347687297966
5335	0.0303	0.781494171678787
5336	0.0304	0.781640656059608
5337	0.0307	0.781787140440429
5338	0.0309	0.781933624821249
5339	0.0312	0.78208010920207
5341	0.0314	0.782373077963712
5342	0.0316	0.782519562344532
5343	0.0317	0.782666046725353
5345	0.0324	0.782959015486995
5346	0.033	0.783105499867816
5347	0.0333	0.783251984248636
5348	0.0339	0.783398468629457
5349	0.0342	0.783544953010278
5350	0.0346	0.783691437391099
5351	0.0349	0.783837921771919
5352	0.0354	0.78398440615274
5354	0.0359	0.784277374914382
5355	0.0362	0.784423859295202
5356	0.0365	0.784570343676023
5357	0.0369	0.784716828056844
5358	0.0376	0.784863312437665
5360	0.0378	0.785156281199306
5361	0.0379	0.785302765580127
5362	0.0384	0.785449249960948
5363	0.0388	0.785595734341769
5364	0.0393	0.785742218722589
5365	0.0394	0.78588870310341
5366	0.0396	0.786035187484231
5367	0.0401	0.786181671865052
5368	0.0402	0.786328156245872
5369	0.0405	0.786474640626693
5372	0.041	0.786914093769155
5373	0.0413	0.787060578149976
5374	0.0414	0.787207062530797
5375	0.0418	0.787353546911618
5376	0.042	0.787500031292439
5377	0.0424	0.787646515673259
5378	0.0428	0.78779300005408
5379	0.043	0.787939484434901
5380	0.0432	0.788085968815722
5381	0.0437	0.788232453196542
5382	0.0438	0.788378937577363
5383	0.0442	0.788525421958184
5384	0.0447	0.788671906339005
5385	0.0449	0.788818390719825
5386	0.045	0.788964875100646
5387	0.0454	0.789111359481467
5388	0.0456	0.789257843862288
5389	0.0461	0.789404328243108
5390	0.0465	0.789550812623929
5391	0.0467	0.78969729700475
5392	0.0469	0.789843781385571
5393	0.0472	0.789990265766392
5394	0.0478	0.790136750147212
5395	0.0484	0.790283234528033
5396	0.0488	0.790429718908854
5397	0.0495	0.790576203289675
5398	0.0501	0.790722687670495
5399	0.0505	0.790869172051316
5400	0.051	0.791015656432137
5401	0.0514	0.791162140812958
5402	0.0518	0.791308625193778
5403	0.0524	0.791455109574599
5404	0.0527	0.79160159395542
5405	0.0536	0.791748078336241
5406	0.0541	0.791894562717061
5407	0.0543	0.792041047097882
5408	0.0547	0.792187531478703
5409	0.0551	0.792334015859524
5410	0.0559	0.792480500240345
5411	0.0564	0.792626984621165
5412	0.0567	0.792773469001986
5413	0.0575	0.792919953382807
5414	0.0577	0.793066437763628
5415	0.0584	0.793212922144448
5416	0.0585	0.793359406525269
5417	0.0594	0.79350589090609
5418	0.0599	0.793652375286911
5419	0.0601	0.793798859667731
5420	0.0606	0.793945344048552
5421	0.061	0.794091828429373
5422	0.0611	0.794238312810194
5423	0.0617	0.794384797191015
5424	0.0621	0.794531281571835
5425	0.0625	0.794677765952656
5426	0.0631	0.794824250333477
5427	0.0637	0.794970734714298
5428	0.0641	0.795117219095118
5429	0.0648	0.795263703475939
5430	0.0659	0.79541018785676
5431	0.0665	0.795556672237581
5432	0.0672	0.795703156618401
5433	0.0674	0.795849640999222
5434	0.0677	0.795996125380043
5435	0.0681	0.796142609760864
5436	0.0684	0.796289094141684
5437	0.0688	0.796435578522505
5438	0.0692	0.796582062903326
5439	0.0695	0.796728547284147
5440	0.0703	0.796875031664968
5441	0.071	0.797021516045788
5442	0.0716	0.797168000426609
5443	0.0721	0.79731448480743
5444	0.0723	0.797460969188251
5445	0.0726	0.797607453569071
5446	0.073	0.797753937949892
5447	0.0733	0.797900422330713
5448	0.0737	0.798046906711534
5449	0.0739	0.798193391092354
5450	0.0748	0.798339875473175
5451	0.0755	0.798486359853996
5452	0.0759	0.798632844234817
5453	0.0767	0.798779328615637
5454	0.0773	0.798925812996458
5455	0.0776	0.799072297377279
5456	0.0784	0.7992187817581
5457	0.0791	0.799365266138921
5458	0.0796	0.799511750519741
5459	0.0798	0.799658234900562
5460	0.0803	0.799804719281383
5461	0.0812	0.799951203662204
5462	0.0816	0.800097688043024
5463	0.0825	0.800244172423845
5464	0.0835	0.800390656804666
5465	0.0843	0.800537141185487
5466	0.0847	0.800683625566307
5467	0.0849	0.800830109947128
5468	0.0853	0.800976594327949
5469	0.0863	0.80112307870877
5470	0.0865	0.801269563089591
5471	0.0869	0.801416047470411
5472	0.0876	0.801562531851232
5473	0.0885	0.801709016232053
5474	0.0895	0.801855500612874
5475	0.0899	0.802001984993694
5476	0.0906	0.802148469374515
5477	0.0914	0.802294953755336
5478	0.0921	0.802441438136157
5479	0.0931	0.802587922516977
5480	0.0939	0.802734406897798
5481	0.0949	0.802880891278619
5482	0.0953	0.80302737565944
5483	0.0956	0.80317386004026
5484	0.0964	0.803320344421081
5485	0.0968	0.803466828801902
5486	0.0975	0.803613313182723
5487	0.0981	0.803759797563544
5488	0.0988	0.803906281944364
5489	0.0992	0.804052766325185
5490	0.0994	0.804199250706006
5491	0.1003	0.804345735086827
5492	0.1011	0.804492219467647
5493	0.1017	0.804638703848468
5494	0.1027	0.804785188229289
5495	0.1032	0.80493167261011
5496	0.1046	0.80507815699093
5497	0.1054	0.805224641371751
5498	0.1067	0.805371125752572
5499	0.1074	0.805517610133393
5500	0.1082	0.805664094514214
5501	0.1087	0.805810578895034
5502	0.1097	0.805957063275855
5503	0.1106	0.806103547656676
5504	0.1115	0.806250032037497
5505	0.1126	0.806396516418317
5506	0.1134	0.806543000799138
5507	0.115	0.806689485179959
5508	0.1159	0.80683596956078
5509	0.1169	0.8069824539416
5510	0.1178	0.807128938322421
5511	0.1184	0.807275422703242
5512	0.1191	0.807421907084063
5513	0.1201	0.807568391464883
5514	0.1221	0.807714875845704
5515	0.1226	0.807861360226525
5516	0.1233	0.808007844607346
5517	0.1248	0.808154328988167
5518	0.1254	0.808300813368987
5519	0.1263	0.808447297749808
5520	0.1273	0.808593782130629
5521	0.1281	0.80874026651145
5522	0.1289	0.80888675089227
5523	0.1294	0.809033235273091
5524	0.1304	0.809179719653912
5525	0.1313	0.809326204034733
5526	0.1321	0.809472688415553
5527	0.1331	0.809619172796374
5528	0.134	0.809765657177195
5529	0.1347	0.809912141558016
5530	0.1362	0.810058625938836
5531	0.1367	0.810205110319657
5532	0.1381	0.810351594700478
5533	0.1391	0.810498079081299
5534	0.1398	0.81064456346212
5535	0.1405	0.81079104784294
5536	0.1416	0.810937532223761
5537	0.1425	0.811084016604582
5538	0.1438	0.811230500985403
5539	0.1451	0.811376985366223
5540	0.1461	0.811523469747044
5541	0.1471	0.811669954127865
5542	0.1483	0.811816438508686
5543	0.1491	0.811962922889506
5544	0.1503	0.812109407270327
5545	0.1509	0.812255891651148
5546	0.1518	0.812402376031969
5547	0.1524	0.81254886041279
5548	0.1539	0.81269534479361
5549	0.1545	0.812841829174431
5550	0.1558	0.812988313555252
5551	0.1567	0.813134797936073
5552	0.1578	0.813281282316893
5553	0.1585	0.813427766697714
5554	0.1595	0.813574251078535
5555	0.1605	0.813720735459356
5556	0.1617	0.813867219840176
5557	0.1628	0.814013704220997
5558	0.1639	0.814160188601818
5559	0.1651	0.814306672982639
5560	0.1661	0.814453157363459
5561	0.1678	0.81459964174428
5562	0.1692	0.814746126125101
5563	0.171	0.814892610505922
5564	0.1723	0.815039094886743
5565	0.1734	0.815185579267563
5566	0.1746	0.815332063648384
5567	0.176	0.815478548029205
5568	0.177	0.815625032410026
5569	0.1782	0.815771516790846
5570	0.1791	0.815918001171667
5571	0.1804	0.816064485552488
5572	0.1815	0.816210969933309
5573	0.1828	0.816357454314129
5574	0.1838	0.81650393869495
5575	0.1852	0.816650423075771
5576	0.1859	0.816796907456592
5577	0.1878	0.816943391837412
5578	0.1894	0.817089876218233
5579	0.1911	0.817236360599054
5580	0.1923	0.817382844979875
5581	0.1935	0.817529329360696
5582	0.1947	0.817675813741516
5583	0.1955	0.817822298122337
5584	0.1968	0.817968782503158
5585	0.1983	0.818115266883979
5586	0.1997	0.818261751264799
5587	0.2015	0.81840823564562
5588	0.2029	0.818554720026441
5589	0.2044	0.818701204407262
5590	0.2057	0.818847688788082
5591	0.2065	0.818994173168903
5592	0.2074	0.819140657549724
5593	0.2084	0.819287141930545
5594	0.2097	0.819433626311366
5595	0.2112	0.819580110692186
5596	0.2125	0.819726595073007
5597	0.2141	0.819873079453828
5598	0.2154	0.820019563834649
5599	0.2165	0.820166048215469
5600	0.2179	0.82031253259629
5601	0.2193	0.820459016977111
5602	0.221	0.820605501357932
5603	0.2226	0.820751985738752
5604	0.2238	0.820898470119573
5605	0.2257	0.821044954500394
5606	0.2275	0.821191438881215
5607	0.2289	0.821337923262035
5608	0.2304	0.821484407642856
5609	0.2316	0.821630892023677
5610	0.2334	0.821777376404498
5611	0.2348	0.821923860785319
5612	0.236	0.822070345166139
5613	0.238	0.82221682954696
5614	0.2393	0.822363313927781
5615	0.2407	0.822509798308602
5616	0.2425	0.822656282689422
5617	0.2444	0.822802767070243
5618	0.2457	0.822949251451064
5619	0.247	0.823095735831885
5620	0.2479	0.823242220212705
5621	0.2489	0.823388704593526
5622	0.2503	0.823535188974347
5623	0.2512	0.823681673355168
5624	0.2528	0.823828157735988
5625	0.2543	0.823974642116809
5626	0.2555	0.82412112649763
5627	0.2574	0.824267610878451
5628	0.2585	0.824414095259272
5629	0.2606	0.824560579640092
5630	0.2627	0.824707064020913
5631	0.264	0.824853548401734
5632	0.265	0.825000032782555
5633	0.267	0.825146517163375
5634	0.2682	0.825293001544196
5635	0.2696	0.825439485925017
5636	0.2711	0.825585970305838
5637	0.2725	0.825732454686658
5638	0.2734	0.825878939067479
5639	0.2743	0.8260254234483
5640	0.2757	0.826171907829121
5641	0.2776	0.826318392209942
5642	0.2793	0.826464876590762
5643	0.2804	0.826611360971583
5644	0.2819	0.826757845352404
5645	0.2835	0.826904329733225
5646	0.2858	0.827050814114045
5647	0.2869	0.827197298494866
5648	0.2881	0.827343782875687
5649	0.289	0.827490267256508
5650	0.2908	0.827636751637328
5651	0.2925	0.827783236018149
5652	0.2941	0.82792972039897
5653	0.2956	0.828076204779791
5654	0.2968	0.828222689160611
5655	0.2985	0.828369173541432
5656	0.2998	0.828515657922253
5657	0.3012	0.828662142303074
5658	0.3022	0.828808626683895
5659	0.3039	0.828955111064715
5660	0.3062	0.829101595445536
5661	0.3079	0.829248079826357
5662	0.3087	0.829394564207178
5663	0.3096	0.829541048587998
5664	0.3114	0.829687532968819
5665	0.313	0.82983401734964
5666	0.3146	0.829980501730461
5667	0.3168	0.830126986111281
5668	0.3184	0.830273470492102
5669	0.3202	0.830419954872923
5670	0.3217	0.830566439253744
5671	0.3234	0.830712923634565
5672	0.3248	0.830859408015385
5673	0.3271	0.831005892396206
5674	0.3297	0.831152376777027
5675	0.3315	0.831298861157848
5676	0.3342	0.831445345538668
5677	0.3359	0.831591829919489
5678	0.3373	0.83173831430031
5679	0.3387	0.831884798681131
5680	0.3407	0.832031283061951
5681	0.3424	0.832177767442772
5682	0.3444	0.832324251823593
5683	0.3462	0.832470736204414
5684	0.3473	0.832617220585234
5685	0.3487	0.832763704966055
5686	0.3499	0.832910189346876
5687	0.3513	0.833056673727697
5688	0.3533	0.833203158108518
5689	0.3549	0.833349642489338
5690	0.3574	0.833496126870159
5691	0.3592	0.83364261125098
5692	0.3614	0.833789095631801
5693	0.363	0.833935580012621
5694	0.3651	0.834082064393442
5695	0.3677	0.834228548774263
5696	0.3699	0.834375033155084
5697	0.3719	0.834521517535904
5698	0.3741	0.834668001916725
5699	0.3756	0.834814486297546
5700	0.377	0.834960970678367
5701	0.3784	0.835107455059187
5702	0.3804	0.835253939440008
5703	0.3815	0.835400423820829
5704	0.3833	0.83554690820165
5705	0.3846	0.835693392582471
5706	0.386	0.835839876963291
5707	0.3873	0.835986361344112
5708	0.3892	0.836132845724933
5709	0.3907	0.836279330105754
5710	0.3929	0.836425814486574
5711	0.3948	0.836572298867395
5712	0.3971	0.836718783248216
5713	0.3985	0.836865267629037
5714	0.4002	0.837011752009857
5715	0.4015	0.837158236390678
5716	0.4033	0.837304720771499
5717	0.4047	0.83745120515232
5718	0.4067	0.837597689533141
5719	0.4092	0.837744173913961
5720	0.4106	0.837890658294782
5721	0.4135	0.838037142675603
5722	0.4148	0.838183627056424
5723	0.4158	0.838330111437244
5724	0.4173	0.838476595818065
5725	0.4189	0.838623080198886
5726	0.4217	0.838769564579707
5727	0.4234	0.838916048960527
5728	0.4243	0.839062533341348
5729	0.4265	0.839209017722169
5730	0.4287	0.83935550210299
5731	0.4307	0.83950198648381
5732	0.432	0.839648470864631
5733	0.4337	0.839794955245452
5734	0.4354	0.839941439626273
5735	0.4373	0.840087924007094
5736	0.4399	0.840234408387914
5737	0.4419	0.840380892768735
5738	0.4435	0.840527377149556
5739	0.4453	0.840673861530377
5740	0.4472	0.840820345911197
5741	0.4494	0.840966830292018
5742	0.4522	0.841113314672839
5743	0.4546	0.84125979905366
5744	0.4564	0.84140628343448
5745	0.4589	0.841552767815301
5746	0.4607	0.841699252196122
5747	0.4623	0.841845736576943
5748	0.4639	0.841992220957763
5749	0.4651	0.842138705338584
5750	0.4675	0.842285189719405
5751	0.4689	0.842431674100226
5752	0.4706	0.842578158481047
5753	0.4727	0.842724642861867
5754	0.475	0.842871127242688
5755	0.4762	0.843017611623509
5756	0.4778	0.84316409600433
5757	0.4791	0.84331058038515
5758	0.4812	0.843457064765971
5759	0.4834	0.843603549146792
5760	0.4853	0.843750033527613
5761	0.4871	0.843896517908433
5762	0.4888	0.844043002289254
5763	0.4901	0.844189486670075
5764	0.492	0.844335971050896
5765	0.4941	0.844482455431717
5766	0.4963	0.844628939812537
5767	0.498	0.844775424193358
5768	0.4993	0.844921908574179
5769	0.5012	0.845068392955
5770	0.5018	0.84521487733582
5771	0.5031	0.845361361716641
5772	0.5047	0.845507846097462
5773	0.5078	0.845654330478283
5774	0.509500000000001	0.845800814859103
5775	0.5119	0.845947299239924
5776	0.5132	0.846093783620745
5777	0.5143	0.846240268001566
5778	0.5162	0.846386752382386
5779	0.5177	0.846533236763207
5780	0.5194	0.846679721144028
5781	0.5213	0.846826205524849
5782	0.5239	0.84697268990567
5783	0.5264	0.84711917428649
5784	0.5284	0.847265658667311
5785	0.5298	0.847412143048132
5786	0.5323	0.847558627428953
5787	0.5348	0.847705111809773
5788	0.537	0.847851596190594
5789	0.5394	0.847998080571415
5790	0.5408	0.848144564952236
5791	0.5426	0.848291049333056
5792	0.5444	0.848437533713877
5793	0.5465	0.848584018094698
5794	0.548	0.848730502475519
5795	0.5504	0.848876986856339
5796	0.5524	0.84902347123716
5797	0.5538	0.849169955617981
5798	0.5557	0.849316439998802
5799	0.5577	0.849462924379623
5800	0.5593	0.849609408760443
5801	0.5607	0.849755893141264
5802	0.5626	0.849902377522085
5803	0.5651	0.850048861902906
5804	0.5661	0.850195346283726
5805	0.5683	0.850341830664547
5806	0.5696	0.850488315045368
5807	0.5722	0.850634799426189
5808	0.5748	0.850781283807009
5809	0.5769	0.85092776818783
5810	0.5784	0.851074252568651
5811	0.5805	0.851220736949472
5812	0.5823	0.851367221330293
5813	0.5838	0.851513705711113
5814	0.5857	0.851660190091934
5815	0.5881	0.851806674472755
5816	0.5894	0.851953158853576
5817	0.591	0.852099643234396
5818	0.5925	0.852246127615217
5819	0.5947	0.852392611996038
5820	0.5957	0.852539096376859
5821	0.5979	0.852685580757679
5822	0.5997	0.8528320651385
5823	0.6016	0.852978549519321
5824	0.6036	0.853125033900142
5825	0.605	0.853271518280962
5826	0.6064	0.853418002661783
5827	0.6088	0.853564487042604
5828	0.61	0.853710971423425
5829	0.6115	0.853857455804246
5830	0.6131	0.854003940185066
5831	0.6155	0.854150424565887
5832	0.6168	0.854296908946708
5833	0.6184	0.854443393327529
5834	0.6203	0.854589877708349
5835	0.622	0.85473636208917
5836	0.6236	0.854882846469991
5837	0.6256	0.855029330850812
5838	0.6271	0.855175815231632
5839	0.6293	0.855322299612453
5840	0.6308	0.855468783993274
5841	0.632	0.855615268374095
5842	0.6339	0.855761752754916
5843	0.6361	0.855908237135736
5844	0.6377	0.856054721516557
5845	0.6399	0.856201205897378
5846	0.6408	0.856347690278199
5847	0.6422	0.856494174659019
5848	0.6437	0.85664065903984
5849	0.645	0.856787143420661
5850	0.6464	0.856933627801482
5851	0.6483	0.857080112182302
5852	0.65	0.857226596563123
5853	0.6518	0.857373080943944
5854	0.6534	0.857519565324765
5855	0.6553	0.857666049705585
5856	0.6564	0.857812534086406
5857	0.6577	0.857959018467227
5858	0.6594	0.858105502848048
5859	0.6611	0.858251987228869
5860	0.6631	0.858398471609689
5861	0.665	0.85854495599051
5862	0.6672	0.858691440371331
5863	0.6693	0.858837924752152
5864	0.671	0.858984409132972
5865	0.6727	0.859130893513793
5866	0.674	0.859277377894614
5867	0.6764	0.859423862275435
5868	0.6786	0.859570346656255
5869	0.6811	0.859716831037076
5870	0.6823	0.859863315417897
5871	0.6834	0.860009799798718
5872	0.6861	0.860156284179538
5873	0.6878	0.860302768560359
5874	0.6894	0.86044925294118
5875	0.691	0.860595737322001
5876	0.693	0.860742221702822
5877	0.6951	0.860888706083642
5878	0.697	0.861035190464463
5879	0.6983	0.861181674845284
5880	0.6992	0.861328159226105
5881	0.7011	0.861474643606925
5882	0.7021	0.861621127987746
5883	0.7043	0.861767612368567
5884	0.7066	0.861914096749388
5885	0.7078	0.862060581130208
5886	0.7093	0.862207065511029
5887	0.7107	0.86235354989185
5888	0.7123	0.862500034272671
5889	0.7138	0.862646518653492
5890	0.7149	0.862793003034312
5891	0.7157	0.862939487415133
5892	0.7172	0.863085971795954
5893	0.719399999999999	0.863232456176775
5894	0.721399999999999	0.863378940557595
5895	0.723399999999999	0.863525424938416
5896	0.724499999999999	0.863671909319237
5897	0.725999999999999	0.863818393700058
5898	0.726999999999999	0.863964878080878
5899	0.728399999999999	0.864111362461699
5900	0.730299999999999	0.86425784684252
5901	0.731399999999999	0.864404331223341
5902	0.732899999999999	0.864550815604161
5903	0.734999999999999	0.864697299984982
5904	0.736899999999999	0.864843784365803
5905	0.738899999999999	0.864990268746624
5906	0.740099999999999	0.865136753127445
5907	0.740899999999999	0.865283237508265
5908	0.742199999999999	0.865429721889086
5909	0.743899999999999	0.865576206269907
5910	0.744999999999999	0.865722690650728
5911	0.747199999999999	0.865869175031548
5912	0.748799999999999	0.866015659412369
5913	0.751099999999999	0.86616214379319
5914	0.752799999999999	0.866308628174011
5915	0.754599999999999	0.866455112554831
5916	0.756199999999999	0.866601596935652
5917	0.757899999999999	0.866748081316473
5918	0.759299999999999	0.866894565697294
5919	0.760799999999999	0.867041050078114
5920	0.761799999999999	0.867187534458935
5921	0.762999999999999	0.867334018839756
5922	0.764199999999999	0.867480503220577
5923	0.766199999999999	0.867626987601398
5924	0.767599999999999	0.867773471982218
5925	0.768699999999999	0.867919956363039
5926	0.770799999999999	0.86806644074386
5927	0.771899999999999	0.868212925124681
5928	0.773099999999999	0.868359409505501
5929	0.774399999999999	0.868505893886322
5930	0.775999999999999	0.868652378267143
5931	0.777399999999999	0.868798862647964
5932	0.779399999999999	0.868945347028784
5933	0.780099999999999	0.869091831409605
5934	0.781599999999999	0.869238315790426
5935	0.782699999999999	0.869384800171247
5936	0.783799999999999	0.869531284552068
5937	0.785099999999999	0.869677768932888
5938	0.786299999999999	0.869824253313709
5939	0.787099999999999	0.86997073769453
5940	0.788899999999999	0.870117222075351
5941	0.789699999999999	0.870263706456171
5942	0.790899999999999	0.870410190836992
5943	0.792299999999999	0.870556675217813
5944	0.793599999999999	0.870703159598634
5945	0.795399999999999	0.870849643979454
5946	0.797399999999999	0.870996128360275
5947	0.798499999999999	0.871142612741096
5948	0.799499999999999	0.871289097121917
5949	0.800599999999999	0.871435581502737
5950	0.802099999999999	0.871582065883558
5951	0.803499999999999	0.871728550264379
5952	0.804599999999999	0.8718750346452
5953	0.805599999999999	0.872021519026021
5954	0.806699999999999	0.872168003406841
5955	0.808199999999999	0.872314487787662
5956	0.809799999999999	0.872460972168483
5957	0.810999999999999	0.872607456549304
5958	0.812299999999999	0.872753940930124
5959	0.813299999999999	0.872900425310945
5960	0.814499999999999	0.873046909691766
5961	0.815399999999999	0.873193394072587
5962	0.816899999999999	0.873339878453407
5963	0.818199999999999	0.873486362834228
5964	0.819399999999999	0.873632847215049
5965	0.820499999999999	0.87377933159587
5966	0.822199999999999	0.873925815976691
5967	0.823599999999999	0.874072300357511
5968	0.825299999999999	0.874218784738332
5969	0.826299999999999	0.874365269119153
5970	0.827599999999999	0.874511753499974
5971	0.828999999999999	0.874658237880794
5972	0.829899999999999	0.874804722261615
5973	0.830699999999999	0.874951206642436
5974	0.831699999999999	0.875097691023257
5975	0.832599999999999	0.875244175404077
5976	0.833599999999999	0.875390659784898
5977	0.834399999999999	0.875537144165719
5978	0.835199999999999	0.87568362854654
5979	0.836799999999999	0.87583011292736
5980	0.838699999999999	0.875976597308181
5981	0.839399999999999	0.876123081689002
5982	0.840499999999999	0.876269566069823
5983	0.841599999999999	0.876416050450644
5984	0.842899999999999	0.876562534831464
5985	0.843799999999999	0.876709019212285
5986	0.844799999999999	0.876855503593106
5987	0.845399999999999	0.877001987973927
5988	0.847299999999999	0.877148472354747
5989	0.847999999999999	0.877294956735568
5990	0.848999999999999	0.877441441116389
5991	0.849799999999999	0.87758792549721
5992	0.850699999999999	0.87773440987803
5993	0.851599999999999	0.877880894258851
5994	0.853399999999999	0.878027378639672
5995	0.854699999999999	0.878173863020493
5996	0.855499999999999	0.878320347401313
5997	0.856599999999999	0.878466831782134
5998	0.857299999999999	0.878613316162955
5999	0.858599999999999	0.878759800543776
6000	0.859399999999999	0.878906284924597
6001	0.860499999999999	0.879052769305417
6002	0.861299999999999	0.879199253686238
6003	0.862499999999999	0.879345738067059
6004	0.863599999999999	0.87949222244788
6005	0.864899999999999	0.8796387068287
6006	0.865799999999999	0.879785191209521
6007	0.866399999999999	0.879931675590342
6008	0.867199999999999	0.880078159971163
6009	0.868299999999999	0.880224644351983
6010	0.869299999999999	0.880371128732804
6011	0.870099999999999	0.880517613113625
6012	0.870799999999999	0.880664097494446
6013	0.872199999999999	0.880810581875267
6014	0.872799999999999	0.880957066256087
6015	0.873999999999999	0.881103550636908
6016	0.875099999999999	0.881250035017729
6017	0.876999999999999	0.88139651939855
6018	0.878299999999999	0.88154300377937
6019	0.879699999999999	0.881689488160191
6020	0.880699999999999	0.881835972541012
6021	0.881599999999999	0.881982456921833
6022	0.883399999999999	0.882128941302653
6023	0.884099999999999	0.882275425683474
6024	0.884699999999999	0.882421910064295
6025	0.885799999999999	0.882568394445116
6026	0.886599999999999	0.882714878825936
6027	0.887899999999999	0.882861363206757
6028	0.888999999999999	0.883007847587578
6029	0.889999999999999	0.883154331968399
6030	0.890599999999999	0.88330081634922
6031	0.891799999999999	0.88344730073004
6032	0.892699999999999	0.883593785110861
6033	0.893699999999999	0.883740269491682
6034	0.894599999999999	0.883886753872503
6035	0.895299999999999	0.884033238253323
6036	0.896199999999999	0.884179722634144
6037	0.896899999999999	0.884326207014965
6038	0.897999999999999	0.884472691395786
6039	0.899599999999999	0.884619175776606
6040	0.900199999999999	0.884765660157427
6041	0.900799999999999	0.884912144538248
6042	0.901699999999999	0.885058628919069
6043	0.902299999999999	0.885205113299889
6044	0.902499999999999	0.88535159768071
6045	0.903399999999999	0.885498082061531
6047	0.904099999999999	0.885791050823173
6048	0.905399999999999	0.885937535203993
6049	0.906299999999999	0.886084019584814
6050	0.906799999999999	0.886230503965635
6051	0.907599999999999	0.886376988346456
6052	0.908199999999999	0.886523472727276
6053	0.908699999999999	0.886669957108097
6054	0.909899999999999	0.886816441488918
6055	0.910699999999999	0.886962925869739
6056	0.911899999999999	0.887109410250559
6057	0.913099999999999	0.88725589463138
6058	0.913899999999999	0.887402379012201
6059	0.915099999999999	0.887548863393022
6060	0.915899999999999	0.887695347773843
6061	0.916499999999999	0.887841832154663
6062	0.917299999999999	0.887988316535484
6063	0.918399999999999	0.888134800916305
6064	0.919199999999999	0.888281285297126
6065	0.920099999999999	0.888427769677946
6066	0.920599999999999	0.888574254058767
6067	0.921099999999999	0.888720738439588
6068	0.922399999999999	0.888867222820409
6069	0.923199999999999	0.889013707201229
6070	0.923599999999999	0.88916019158205
6071	0.924599999999999	0.889306675962871
6072	0.925299999999999	0.889453160343692
6073	0.925699999999999	0.889599644724512
6074	0.926499999999999	0.889746129105333
6075	0.927099999999999	0.889892613486154
6076	0.928299999999999	0.890039097866975
6077	0.929099999999999	0.890185582247796
6078	0.929499999999999	0.890332066628616
6079	0.929999999999999	0.890478551009437
6080	0.930399999999999	0.890625035390258
6081	0.930899999999999	0.890771519771079
6082	0.931699999999999	0.890918004151899
6083	0.932199999999999	0.89106448853272
6084	0.932799999999999	0.891210972913541
6085	0.933499999999999	0.891357457294362
6086	0.933899999999999	0.891503941675182
6087	0.934799999999999	0.891650426056003
6088	0.935299999999999	0.891796910436824
6089	0.935799999999999	0.891943394817645
6090	0.936199999999999	0.892089879198465
6091	0.936399999999999	0.892236363579286
6092	0.937099999999999	0.892382847960107
6093	0.937899999999999	0.892529332340928
6094	0.938099999999999	0.892675816721749
6095	0.938999999999999	0.892822301102569
6096	0.939399999999999	0.89296878548339
6097	0.940099999999999	0.893115269864211
6098	0.940599999999999	0.893261754245032
6100	0.940999999999999	0.893554723006673
6101	0.941299999999999	0.893701207387494
6102	0.941799999999999	0.893847691768315
6103	0.942399999999999	0.893994176149135
6104	0.943599999999999	0.894140660529956
6105	0.944399999999999	0.894287144910777
6106	0.945099999999999	0.894433629291598
6107	0.945999999999999	0.894580113672419
6108	0.946199999999999	0.894726598053239
6109	0.946799999999999	0.89487308243406
6110	0.947199999999999	0.895019566814881
6111	0.947599999999999	0.895166051195702
6112	0.947899999999999	0.895312535576522
6113	0.948099999999999	0.895459019957343
6114	0.948999999999999	0.895605504338164
6115	0.949399999999999	0.895751988718985
6116	0.950199999999999	0.895898473099805
6117	0.950599999999999	0.896044957480626
6118	0.951199999999999	0.896191441861447
6119	0.951499999999999	0.896337926242268
6120	0.952299999999999	0.896484410623088
6121	0.952899999999999	0.896630895003909
6122	0.953199999999999	0.89677737938473
6123	0.953599999999999	0.896923863765551
6124	0.954199999999999	0.897070348146372
6125	0.954499999999999	0.897216832527192
6126	0.954799999999999	0.897363316908013
6127	0.955099999999999	0.897509801288834
6128	0.955699999999999	0.897656285669655
6129	0.956099999999999	0.897802770050475
6130	0.956499999999999	0.897949254431296
6131	0.956799999999999	0.898095738812117
6132	0.957199999999999	0.898242223192938
6133	0.957399999999999	0.898388707573758
6134	0.958299999999999	0.898535191954579
6135	0.958899999999999	0.8986816763354
6136	0.959299999999999	0.898828160716221
6137	0.959999999999999	0.898974645097042
6138	0.960599999999999	0.899121129477862
6139	0.961499999999999	0.899267613858683
6140	0.962199999999999	0.899414098239504
6141	0.962799999999999	0.899560582620325
6142	0.963199999999999	0.899707067001145
6143	0.963799999999999	0.899853551381966
6144	0.964099999999999	0.900000035762787
6145	0.964199999999999	0.900146520143608
6146	0.964399999999999	0.900293004524428
6147	0.964599999999999	0.900439488905249
6148	0.965099999999999	0.90058597328607
6149	0.965199999999999	0.900732457666891
6150	0.965899999999999	0.900878942047711
6151	0.966199999999999	0.901025426428532
6152	0.966599999999999	0.901171910809353
6153	0.966799999999999	0.901318395190174
6154	0.967099999999999	0.901464879570995
6155	0.967499999999998	0.901611363951815
6156	0.968699999999998	0.901757848332636
6157	0.968999999999998	0.901904332713457
6158	0.969199999999998	0.902050817094278
6159	0.969799999999998	0.902197301475098
6160	0.969899999999998	0.902343785855919
6161	0.970199999999998	0.90249027023674
6162	0.970799999999998	0.902636754617561
6163	0.970899999999998	0.902783238998381
6164	0.971299999999998	0.902929723379202
6165	0.971699999999998	0.903076207760023
6166	0.972099999999998	0.903222692140844
6167	0.972599999999998	0.903369176521664
6168	0.972699999999998	0.903515660902485
6169	0.972799999999998	0.903662145283306
6170	0.972899999999998	0.903808629664127
6171	0.973099999999998	0.903955114044948
6172	0.973299999999998	0.904101598425768
6173	0.973399999999998	0.904248082806589
6174	0.973599999999998	0.90439456718741
6175	0.974199999999998	0.904541051568231
6176	0.974499999999998	0.904687535949051
6177	0.974599999999998	0.904834020329872
6178	0.974699999999998	0.904980504710693
6179	0.974899999999998	0.905126989091514
6180	0.974999999999998	0.905273473472334
6181	0.975299999999998	0.905419957853155
6182	0.975599999999998	0.905566442233976
6183	0.975999999999998	0.905712926614797
6185	0.976499999999998	0.906005895376438
6186	0.976799999999998	0.906152379757259
6187	0.977199999999998	0.90629886413808
6188	0.977599999999998	0.906445348518901
6189	0.978199999999998	0.906591832899721
6190	0.978799999999998	0.906738317280542
6191	0.978999999999998	0.906884801661363
6192	0.979299999999998	0.907031286042184
6193	0.979399999999998	0.907177770423004
6194	0.979699999999998	0.907324254803825
6195	0.979899999999998	0.907470739184646
6196	0.980099999999998	0.907617223565467
6197	0.980399999999998	0.907763707946287
6198	0.980599999999998	0.907910192327108
6199	0.980799999999998	0.908056676707929
6200	0.980899999999998	0.90820316108875
6201	0.980999999999998	0.908349645469571
6202	0.981199999999998	0.908496129850391
6205	0.981399999999998	0.908935582992854
6206	0.981699999999998	0.909082067373674
6207	0.981799999999998	0.909228551754495
6208	0.981999999999998	0.909375036135316
6209	0.982199999999998	0.909521520516137
6210	0.982499999999997	0.909668004896957
6211	0.982899999999997	0.909814489277778
6213	0.983099999999997	0.91010745803942
6214	0.983299999999997	0.91025394242024
6215	0.983499999999997	0.910400426801061
6217	0.983699999999997	0.910693395562703
6218	0.983999999999997	0.910839879943524
6219	0.984399999999997	0.910986364324344
6220	0.984699999999997	0.911132848705165
6221	0.985099999999997	0.911279333085986
6222	0.985499999999997	0.911425817466807
6223	0.985699999999997	0.911572301847627
6224	0.985999999999997	0.911718786228448
6225	0.986099999999997	0.911865270609269
6226	0.986399999999997	0.91201175499009
6227	0.986499999999997	0.91215823937091
6229	0.986699999999997	0.912451208132552
6231	0.986999999999997	0.912744176894194
6232	0.987099999999997	0.912890661275014
6234	0.987199999999997	0.913183630036656
6235	0.987299999999997	0.913330114417477
6236	0.987499999999997	0.913476598798297
6237	0.987799999999997	0.913623083179118
6238	0.987899999999997	0.913769567559939
6241	0.988099999999997	0.914209020702401
6243	0.988199999999997	0.914501989464043
6244	0.988399999999997	0.914648473844863
6246	0.988499999999997	0.914941442606505
6247	0.988599999999997	0.915087926987326
6248	0.988699999999997	0.915234411368147
6249	0.988799999999997	0.915380895748967
6250	0.988999999999997	0.915527380129788
6251	0.989099999999997	0.915673864510609
6252	0.989299999999997	0.91582034889143
6254	0.989399999999997	0.916113317653071
6255	0.989499999999997	0.916259802033892
6257	0.989699999999997	0.916552770795533
6258	0.990099999999997	0.916699255176354
6259	0.990199999999997	0.916845739557175
6260	0.990299999999997	0.916992223937996
6261	0.990799999999997	0.917138708318816
6262	0.990899999999997	0.917285192699637
6267	0.990999999999997	0.918017614603741
6268	0.991199999999997	0.918164098984562
6270	0.991299999999997	0.918457067746203
6272	0.991399999999997	0.918750036507845
6273	0.991699999999996	0.918896520888666
6275	0.991899999999996	0.919189489650307
6277	0.991999999999996	0.919482458411949
6280	0.992199999999996	0.919921911554411
6281	0.992399999999996	0.920068395935232
6284	0.992599999999996	0.920507849077694
6286	0.992799999999996	0.920800817839336
6287	0.992899999999996	0.920947302220156
6293	0.992999999999996	0.921826208505081
6294	0.993399999999996	0.921972692885902
6296	0.993699999999996	0.922265661647543
6297	0.993999999999996	0.922412146028364
6298	0.994099999999996	0.922558630409185
6300	0.994399999999996	0.922851599170826
6301	0.994499999999996	0.922998083551647
6303	0.994599999999996	0.923291052313289
6305	0.994799999999996	0.92358402107493
6309	0.994899999999996	0.924169958598213
6313	0.995399999999996	0.924755896121496
6314	0.995499999999996	0.924902380502317
6316	0.995599999999996	0.925195349263959
6318	0.995799999999996	0.9254883180256
6320	0.995899999999996	0.925781286787242
6321	0.995999999999996	0.925927771168062
6325	0.996099999999996	0.926513708691346
6328	0.996199999999996	0.926953161833808
6329	0.996299999999996	0.927099646214629
6330	0.996399999999996	0.927246130595449
6333	0.996699999999996	0.927685583737912
6335	0.996999999999996	0.927978552499553
6338	0.997199999999996	0.928418005642015
6345	0.997299999999996	0.929443396307761
6346	0.997399999999996	0.929589880688582
6353	0.997499999999996	0.930615271354327
6354	0.997599999999996	0.930761755735148
6355	0.997699999999996	0.930908240115969
6358	0.997799999999996	0.931347693258431
6359	0.997899999999996	0.931494177639252
6362	0.997999999999996	0.931933630781714
6367	0.998099999999996	0.932666052685818
6368	0.998199999999996	0.932812537066638
6372	0.998299999999996	0.933398474589922
6374	0.998399999999996	0.933691443351563
6380	0.998499999999996	0.934570349636488
6381	0.998599999999996	0.934716834017308
6383	0.998699999999996	0.93500980277895
6384	0.998799999999996	0.935156287159771
6386	0.998899999999996	0.935449255921412
6405	0.998999999999996	0.938232459157007
6413	0.999099999999996	0.939404334203573
6417	0.999199999999996	0.939990271726856
6418	0.999299999999996	0.940136756107677
6420	0.999399999999996	0.940429724869318
6429	0.999499999999996	0.941748084296705
6436	0.999599999999996	0.942773474962451
6451	0.999699999999996	0.944970740674762
6478	0.999799999999996	0.948925818956923
6510	0.999899999999996	0.953613319143187
6543	0.999999999999996	0.958447303710273
