7528	0.0001	0.923824589696248
7776	0.0002	0.9542587685279
7861	0.0003	0.964689837885522
7952	0.0004	0.97585721802133
7956	0.0005	0.976348091873453
7963	0.0006	0.977207121114669
8002	0.0007	0.981993141172872
8011	0.0008	0.98309760734015
8016	0.0009	0.983711199655304
8022	0.001	0.984447510433489
8024	0.0011	0.984692947359551
8027	0.0012	0.985061102748643
8034	0.0013	0.985920131989859
8038	0.0014	0.986411005841983
8046	0.0015	0.987392753546229
8067	0.0016	0.989969841269877
8083	0.0017	0.991933336678371
8094	0.0018	0.99328323977171
8097	0.0019	0.993651395160803
8106	0.002	0.994755861328081
8109	0.0021	0.995124016717173
8110	0.0022	0.995246735180204
8118	0.0024	0.996228482884451
8120	0.0025	0.996473919810512
8121	0.0026	0.996596638273543
8133	0.0027	0.998069259829914
8136	0.0028	0.998437415219006
8138	0.0029	0.998682852145068
8139	0.0031	0.998805570608099
8148	0.0032	0.999910036775376
8152	0.0033	1.0004009106275
8153	0.0034	1.00052362909053
8158	0.0035	1.00113722140568
8160	0.0036	1.00138265833175
8161	0.0037	1.00150537679478
8169	0.0038	1.00248712449902
8170	0.0039	1.00260984296206
8174	0.004	1.00310071681418
8175	0.0041	1.00322343527721
8180	0.0042	1.00383702759236
8187	0.0043	1.00469605683358
8198	0.0044	1.00604595992692
8200	0.0045	1.00629139685298
8205	0.0047	1.00690498916813
8206	0.0048	1.00702770763117
8208	0.0049	1.00727314455723
8215	0.005	1.00813217379844
8216	0.0051	1.00825489226147
8221	0.0053	1.00886848457663
8223	0.0054	1.00911392150269
8225	0.0055	1.00935935842875
8228	0.0056	1.00972751381784
8229	0.0057	1.00985023228088
8235	0.0059	1.01058654305906
8237	0.006	1.01083197998512
8239	0.0061	1.01107741691118
8240	0.0062	1.01120013537421
8242	0.0063	1.01144557230028
8244	0.0064	1.01169100922634
8247	0.0066	1.01205916461543
8248	0.0067	1.01218188307846
8250	0.0069	1.01242732000452
8253	0.007	1.01279547539362
8255	0.0071	1.01304091231968
8258	0.0072	1.01340906770877
8261	0.0074	1.01377722309786
8262	0.0075	1.01389994156089
8263	0.0076	1.01402266002392
8267	0.0077	1.01451353387605
8271	0.0079	1.01500440772817
8275	0.008	1.01549528158029
8277	0.0081	1.01574071850636
8278	0.0083	1.01586343696939
8280	0.0086	1.01610887389545
8284	0.0088	1.01659974774757
8290	0.0089	1.01733605852576
8291	0.009	1.01745877698879
8292	0.0091	1.01758149545182
8295	0.0093	1.01794965084091
8296	0.0094	1.01807236930394
8298	0.0095	1.01831780623
8299	0.0096	1.01844052469304
8300	0.0097	1.01856324315607
8301	0.0098	1.0186859616191
8303	0.0099	1.01893139854516
8304	0.01	1.01905411700819
8306	0.0102	1.01929955393425
8308	0.0103	1.01954499086031
8312	0.0104	1.02003586471244
8314	0.0106	1.0202813016385
8316	0.0108	1.02052673856456
8319	0.0109	1.02089489395365
8320	0.011	1.02101761241668
8322	0.0113	1.02126304934274
8325	0.0115	1.02163120473184
8326	0.0116	1.02175392319487
8327	0.0117	1.0218766416579
8328	0.0118	1.02199936012093
8333	0.012	1.02261295243608
8337	0.0122	1.02310382628821
8338	0.0124	1.02322654475124
8340	0.0127	1.0234719816773
8341	0.013	1.02359470014033
8343	0.0132	1.02384013706639
8344	0.0134	1.02396285552942
8345	0.0136	1.02408557399245
8347	0.0139	1.02433101091852
8348	0.014	1.02445372938155
8349	0.0142	1.02457644784458
8350	0.0144	1.02469916630761
8352	0.0145	1.02494460323367
8353	0.0148	1.0250673216967
8354	0.0151	1.02519004015973
8355	0.0152	1.02531275862276
8356	0.0155	1.02543547708579
8357	0.0156	1.02555819554882
8358	0.0157	1.02568091401186
8359	0.016	1.02580363247489
8360	0.0162	1.02592635093792
8362	0.0163	1.02617178786398
8363	0.0165	1.02629450632701
8364	0.0166	1.02641722479004
8365	0.0167	1.02653994325307
8368	0.017	1.02690809864216
8370	0.0172	1.02715353556823
8372	0.0173	1.02739897249429
8373	0.0174	1.02752169095732
8374	0.0176	1.02764440942035
8376	0.0177	1.02788984634641
8377	0.0178	1.02801256480944
8379	0.0179	1.0282580017355
8380	0.018	1.02838072019853
8381	0.0181	1.02850343866156
8382	0.0183	1.0286261571246
8383	0.0185	1.02874887558763
8384	0.0187	1.02887159405066
8389	0.0189	1.02948518636581
8390	0.0191	1.02960790482884
8392	0.0194	1.0298533417549
8393	0.0195	1.02997606021793
8395	0.0196	1.030221497144
8396	0.0197	1.03034421560703
8397	0.0198	1.03046693407006
8398	0.02	1.03058965253309
8399	0.0201	1.03071237099612
8400	0.0202	1.03083508945915
8403	0.0205	1.03120324484824
8404	0.0206	1.03132596331127
8405	0.0208	1.03144868177431
8406	0.0209	1.03157140023734
8407	0.021	1.03169411870037
8408	0.0211	1.0318168371634
8410	0.0212	1.03206227408946
8412	0.0214	1.03230771101552
8413	0.0215	1.03243042947855
8414	0.0217	1.03255314794158
8415	0.0218	1.03267586640461
8416	0.0221	1.03279858486764
8417	0.0223	1.03292130333068
8418	0.0226	1.03304402179371
8421	0.0228	1.0334121771828
8422	0.023	1.03353489564583
8424	0.0232	1.03378033257189
8425	0.0233	1.03390305103492
8426	0.0235	1.03402576949795
8427	0.0236	1.03414848796098
8428	0.024	1.03427120642401
8429	0.0242	1.03439392488705
8430	0.0243	1.03451664335008
8431	0.0244	1.03463936181311
8432	0.0246	1.03476208027614
8433	0.0247	1.03488479873917
8434	0.0249	1.0350075172022
8435	0.0251	1.03513023566523
8436	0.0252	1.03525295412826
8437	0.0254	1.03537567259129
8438	0.0255	1.03549839105432
8439	0.0256	1.03562110951735
8440	0.0258	1.03574382798039
8441	0.026	1.03586654644342
8442	0.0263	1.03598926490645
8443	0.0268	1.03611198336948
8444	0.0271	1.03623470183251
8445	0.0275	1.03635742029554
8446	0.0277	1.03648013875857
8447	0.0278	1.0366028572216
8448	0.028	1.03672557568463
8449	0.0281	1.03684829414766
8450	0.0283	1.03697101261069
8451	0.0286	1.03709373107372
8453	0.0287	1.03733916799979
8454	0.0288	1.03746188646282
8455	0.0291	1.03758460492585
8456	0.0292	1.03770732338888
8458	0.0294	1.03795276031494
8459	0.0296	1.03807547877797
8460	0.0299	1.038198197241
8461	0.0302	1.03832091570403
8463	0.0304	1.03856635263009
8465	0.0306	1.03881178955616
8466	0.0307	1.03893450801919
8467	0.0309	1.03905722648222
8468	0.0311	1.03917994494525
8469	0.0314	1.03930266340828
8471	0.0317	1.03954810033434
8472	0.032	1.03967081879737
8473	0.0322	1.0397935372604
8474	0.0324	1.03991625572343
8475	0.0326	1.04003897418646
8476	0.0331	1.0401616926495
8477	0.0339	1.04028441111253
8478	0.034	1.04040712957556
8479	0.0341	1.04052984803859
8480	0.0348	1.04065256650162
8481	0.0351	1.04077528496465
8482	0.0354	1.04089800342768
8483	0.0359	1.04102072189071
8484	0.0362	1.04114344035374
8486	0.0363	1.0413888772798
8487	0.0366	1.04151159574283
8488	0.0371	1.04163431420587
8489	0.0374	1.0417570326689
8490	0.0377	1.04187975113193
8491	0.0378	1.04200246959496
8492	0.038	1.04212518805799
8493	0.0382	1.04224790652102
8494	0.0388	1.04237062498405
8496	0.0392	1.04261606191011
8497	0.0395	1.04273878037314
8498	0.0398	1.04286149883617
8499	0.0399	1.04298421729921
8500	0.0401	1.04310693576224
8501	0.0403	1.04322965422527
8502	0.0405	1.0433523726883
8503	0.041	1.04347509115133
8504	0.0412	1.04359780961436
8505	0.0414	1.04372052807739
8506	0.0418	1.04384324654042
8507	0.0421	1.04396596500345
8508	0.0424	1.04408868346648
8509	0.0425	1.04421140192951
8510	0.0427	1.04433412039254
8511	0.0428	1.04445683885558
8512	0.0431	1.04457955731861
8513	0.0434	1.04470227578164
8514	0.0435	1.04482499424467
8515	0.0437	1.0449477127077
8517	0.044	1.04519314963376
8518	0.0444	1.04531586809679
8519	0.0449	1.04543858655982
8520	0.0452	1.04556130502285
8521	0.0454	1.04568402348588
8522	0.0456	1.04580674194891
8523	0.0459	1.04592946041195
8525	0.046	1.04617489733801
8526	0.0461	1.04629761580104
8527	0.0466	1.04642033426407
8528	0.0468	1.0465430527271
8529	0.0471	1.04666577119013
8530	0.0473	1.04678848965316
8531	0.0476	1.04691120811619
8532	0.0478	1.04703392657922
8533	0.0485	1.04715664504225
8534	0.0488	1.04727936350528
8535	0.049	1.04740208196832
8536	0.0493	1.04752480043135
8537	0.0497	1.04764751889438
8538	0.05	1.04777023735741
8539	0.0501	1.04789295582044
8540	0.0506	1.04801567428347
8541	0.0509	1.0481383927465
8542	0.0513	1.04826111120953
8543	0.052	1.04838382967256
8544	0.0525	1.04850654813559
8545	0.0527	1.04862926659862
8546	0.0529	1.04875198506166
8547	0.0533	1.04887470352469
8548	0.0538	1.04899742198772
8549	0.0544	1.04912014045075
8550	0.0549	1.04924285891378
8551	0.0553	1.04936557737681
8552	0.0559	1.04948829583984
8553	0.0562	1.04961101430287
8554	0.0566	1.0497337327659
8555	0.0567	1.04985645122893
8556	0.0569	1.04997916969196
8557	0.0572	1.05010188815499
8558	0.0575	1.05022460661803
8559	0.0577	1.05034732508106
8560	0.0581	1.05047004354409
8561	0.0582	1.05059276200712
8562	0.0585	1.05071548047015
8563	0.0588	1.05083819893318
8565	0.0592	1.05108363585924
8566	0.0595	1.05120635432227
8567	0.0597	1.0513290727853
8568	0.0599	1.05145179124833
8569	0.0605	1.05157450971136
8570	0.0609	1.0516972281744
8572	0.0612	1.05194266510046
8573	0.0615	1.05206538356349
8574	0.0618	1.05218810202652
8575	0.0622	1.05231082048955
8576	0.0629	1.05243353895258
8577	0.0632	1.05255625741561
8578	0.0635	1.05267897587864
8579	0.064	1.05280169434167
8580	0.0645	1.0529244128047
8581	0.0651	1.05304713126773
8582	0.0653	1.05316984973077
8583	0.0656	1.0532925681938
8584	0.0658	1.05341528665683
8585	0.0661	1.05353800511986
8586	0.0664	1.05366072358289
8587	0.0671	1.05378344204592
8588	0.0675	1.05390616050895
8589	0.0681	1.05402887897198
8590	0.0689	1.05415159743501
8591	0.0691	1.05427431589804
8592	0.0694	1.05439703436107
8593	0.0695	1.05451975282411
8594	0.0699	1.05464247128714
8595	0.0704	1.05476518975017
8596	0.0708	1.0548879082132
8597	0.0712	1.05501062667623
8598	0.0715	1.05513334513926
8599	0.0716	1.05525606360229
8600	0.0719	1.05537878206532
8601	0.0723	1.05550150052835
8602	0.0729	1.05562421899138
8603	0.0735	1.05574693745441
8604	0.074	1.05586965591744
8605	0.0745	1.05599237438048
8606	0.075	1.05611509284351
8607	0.0753	1.05623781130654
8608	0.0758	1.05636052976957
8609	0.0766	1.0564832482326
8610	0.0772	1.05660596669563
8611	0.0775	1.05672868515866
8612	0.078	1.05685140362169
8613	0.0782	1.05697412208472
8614	0.0783	1.05709684054775
8615	0.0786	1.05721955901078
8616	0.0789	1.05734227747381
8617	0.0792	1.05746499593685
8618	0.0794	1.05758771439988
8619	0.0798	1.05771043286291
8620	0.0803	1.05783315132594
8621	0.0807	1.05795586978897
8622	0.0811	1.058078588252
8623	0.0815	1.05820130671503
8624	0.0819	1.05832402517806
8625	0.0825	1.05844674364109
8626	0.0827	1.05856946210412
8627	0.0835	1.05869218056715
8628	0.0843	1.05881489903018
8629	0.085	1.05893761749322
8630	0.0856	1.05906033595625
8631	0.0861	1.05918305441928
8632	0.0866	1.05930577288231
8633	0.0873	1.05942849134534
8634	0.0879	1.05955120980837
8635	0.0882	1.0596739282714
8636	0.0887	1.05979664673443
8637	0.0893	1.05991936519746
8638	0.0898	1.06004208366049
8639	0.0902	1.06016480212352
8640	0.0905	1.06028752058656
8641	0.0911	1.06041023904959
8642	0.0913	1.06053295751262
8643	0.0917	1.06065567597565
8644	0.0918	1.06077839443868
8645	0.092	1.06090111290171
8646	0.0923	1.06102383136474
8647	0.0929	1.06114654982777
8648	0.0939	1.0612692682908
8649	0.0942	1.06139198675383
8650	0.095	1.06151470521686
8651	0.0959	1.06163742367989
8652	0.0963	1.06176014214293
8653	0.0965	1.06188286060596
8654	0.0972	1.06200557906899
8655	0.0977	1.06212829753202
8656	0.0983	1.06225101599505
8657	0.0995	1.06237373445808
8658	0.1002	1.06249645292111
8659	0.1005	1.06261917138414
8660	0.101	1.06274188984717
8661	0.1014	1.0628646083102
8662	0.1018	1.06298732677323
8663	0.1023	1.06311004523626
8664	0.1025	1.0632327636993
8665	0.1033	1.06335548216233
8666	0.1042	1.06347820062536
8667	0.105	1.06360091908839
8668	0.1057	1.06372363755142
8669	0.1063	1.06384635601445
8670	0.1069	1.06396907447748
8671	0.1078	1.06409179294051
8672	0.1083	1.06421451140354
8673	0.1087	1.06433722986657
8674	0.1091	1.0644599483296
8675	0.1095	1.06458266679264
8676	0.1097	1.06470538525567
8677	0.1106	1.0648281037187
8678	0.1111	1.06495082218173
8679	0.1119	1.06507354064476
8680	0.1133	1.06519625910779
8681	0.1137	1.06531897757082
8682	0.1148	1.06544169603385
8683	0.1154	1.06556441449688
8684	0.116	1.06568713295991
8685	0.1167	1.06580985142294
8686	0.117	1.06593256988597
8687	0.1175	1.06605528834901
8688	0.1176	1.06617800681204
8689	0.1184	1.06630072527507
8690	0.1191	1.0664234437381
8691	0.12	1.06654616220113
8692	0.1203	1.06666888066416
8693	0.1208	1.06679159912719
8694	0.1211	1.06691431759022
8695	0.1219	1.06703703605325
8696	0.1225	1.06715975451628
8697	0.1228	1.06728247297931
8698	0.1235	1.06740519144234
8699	0.1244	1.06752790990538
8700	0.125	1.06765062836841
8701	0.1263	1.06777334683144
8702	0.1273	1.06789606529447
8703	0.1277	1.0680187837575
8704	0.1284	1.06814150222053
8705	0.1289	1.06826422068356
8706	0.1296	1.06838693914659
8707	0.1303	1.06850965760962
8708	0.1309	1.06863237607265
8709	0.1315	1.06875509453568
8710	0.1322	1.06887781299871
8711	0.1326	1.06900053146175
8712	0.1334	1.06912324992478
8713	0.1341	1.06924596838781
8714	0.1348	1.06936868685084
8715	0.1355	1.06949140531387
8716	0.1359	1.0696141237769
8717	0.1365	1.06973684223993
8718	0.1369	1.06985956070296
8719	0.1376	1.06998227916599
8720	0.1384	1.07010499762902
8721	0.1389	1.07022771609205
8722	0.1395	1.07035043455508
8723	0.1402	1.07047315301812
8724	0.1417	1.07059587148115
8725	0.1422	1.07071858994418
8726	0.1427	1.07084130840721
8727	0.1432	1.07096402687024
8728	0.1435	1.07108674533327
8729	0.1441	1.0712094637963
8730	0.145	1.07133218225933
8731	0.1456	1.07145490072236
8732	0.1462	1.07157761918539
8733	0.1467	1.07170033764842
8734	0.1477	1.07182305611146
8735	0.1482	1.07194577457449
8736	0.1492	1.07206849303752
8737	0.1505	1.07219121150055
8738	0.1518	1.07231392996358
8739	0.1522	1.07243664842661
8740	0.1533	1.07255936688964
8741	0.1541	1.07268208535267
8742	0.1547	1.0728048038157
8743	0.1555	1.07292752227873
8744	0.1564	1.07305024074176
8745	0.1574	1.07317295920479
8746	0.1579	1.07329567766783
8747	0.1588	1.07341839613086
8748	0.1594	1.07354111459389
8749	0.1603	1.07366383305692
8750	0.161	1.07378655151995
8751	0.1615	1.07390926998298
8752	0.1628	1.07403198844601
8753	0.1635	1.07415470690904
8754	0.164	1.07427742537207
8755	0.1649	1.0744001438351
8756	0.1659	1.07452286229813
8757	0.1668	1.07464558076116
8758	0.1675	1.0747682992242
8759	0.1682	1.07489101768723
8760	0.1695	1.07501373615026
8761	0.1703	1.07513645461329
8762	0.171	1.07525917307632
8763	0.172	1.07538189153935
8764	0.1732	1.07550461000238
8765	0.174	1.07562732846541
8766	0.1747	1.07575004692844
8767	0.1752	1.07587276539147
8768	0.1767	1.0759954838545
8769	0.1777	1.07611820231754
8770	0.1782	1.07624092078057
8771	0.1792	1.0763636392436
8772	0.1801	1.07648635770663
8773	0.1808	1.07660907616966
8774	0.1819	1.07673179463269
8775	0.1828	1.07685451309572
8776	0.1839	1.07697723155875
8777	0.186	1.07709995002178
8778	0.1872	1.07722266848481
8779	0.1879	1.07734538694784
8780	0.1887	1.07746810541087
8781	0.1896	1.07759082387391
8782	0.1906	1.07771354233694
8783	0.1916	1.07783626079997
8784	0.1926	1.077958979263
8785	0.193	1.07808169772603
8786	0.1942	1.07820441618906
8787	0.195	1.07832713465209
8788	0.1958	1.07844985311512
8789	0.1964	1.07857257157815
8790	0.1969	1.07869529004118
8791	0.1977	1.07881800850421
8792	0.1992	1.07894072696724
8793	0.1996	1.07906344543028
8794	0.2004	1.07918616389331
8795	0.2016	1.07930888235634
8796	0.2025	1.07943160081937
8797	0.204	1.0795543192824
8798	0.2044	1.07967703774543
8799	0.2052	1.07979975620846
8800	0.2061	1.07992247467149
8801	0.2072	1.08004519313452
8802	0.2078	1.08016791159755
8803	0.2084	1.08029063006058
8804	0.2094	1.08041334852361
8805	0.2104	1.08053606698665
8806	0.2112	1.08065878544968
8807	0.2123	1.08078150391271
8808	0.2137	1.08090422237574
8809	0.2149	1.08102694083877
8810	0.2156	1.0811496593018
8811	0.2163	1.08127237776483
8812	0.2176	1.08139509622786
8813	0.2183	1.08151781469089
8814	0.2192	1.08164053315392
8815	0.2206	1.08176325161695
8816	0.2217	1.08188597007998
8817	0.2227	1.08200868854302
8818	0.2232	1.08213140700605
8819	0.2237	1.08225412546908
8820	0.2243	1.08237684393211
8821	0.2249	1.08249956239514
8822	0.2259	1.08262228085817
8823	0.2264	1.0827449993212
8824	0.2272	1.08286771778423
8825	0.2288	1.08299043624726
8826	0.2302	1.08311315471029
8827	0.2309	1.08323587317332
8828	0.2326	1.08335859163636
8829	0.2334	1.08348131009939
8830	0.2342	1.08360402856242
8831	0.2353	1.08372674702545
8832	0.2361	1.08384946548848
8833	0.2383	1.08397218395151
8834	0.2402	1.08409490241454
8835	0.2412	1.08421762087757
8836	0.2419	1.0843403393406
8837	0.243	1.08446305780363
8838	0.244	1.08458577626666
8839	0.2457	1.08470849472969
8840	0.2462	1.08483121319273
8841	0.2471	1.08495393165576
8842	0.2483	1.08507665011879
8843	0.2496	1.08519936858182
8844	0.2503	1.08532208704485
8845	0.2509	1.08544480550788
8846	0.2518	1.08556752397091
8847	0.2533	1.08569024243394
8848	0.2542	1.08581296089697
8849	0.2551	1.08593567936
8850	0.2561	1.08605839782303
8851	0.2569	1.08618111628606
8852	0.2576	1.0863038347491
8853	0.2588	1.08642655321213
8854	0.2597	1.08654927167516
8855	0.2611	1.08667199013819
8856	0.2619	1.08679470860122
8857	0.2628	1.08691742706425
8858	0.2641	1.08704014552728
8859	0.265	1.08716286399031
8860	0.2665	1.08728558245334
8861	0.2685	1.08740830091637
8862	0.2696	1.0875310193794
8863	0.271	1.08765373784244
8864	0.2723	1.08777645630547
8865	0.2733	1.0878991747685
8866	0.2743	1.08802189323153
8867	0.2753	1.08814461169456
8868	0.2761	1.08826733015759
8869	0.2772	1.08839004862062
8870	0.2781	1.08851276708365
8871	0.2792	1.08863548554668
8872	0.2803	1.08875820400971
8873	0.282	1.08888092247274
8874	0.2834	1.08900364093577
8875	0.284	1.08912635939881
8876	0.2847	1.08924907786184
8877	0.2853	1.08937179632487
8878	0.2861	1.0894945147879
8879	0.2868	1.08961723325093
8880	0.2875	1.08973995171396
8881	0.2886	1.08986267017699
8882	0.2898	1.08998538864002
8883	0.2914	1.09010810710305
8884	0.2926	1.09023082556608
8885	0.2937	1.09035354402911
8886	0.2951	1.09047626249214
8887	0.2966	1.09059898095518
8888	0.298	1.09072169941821
8889	0.2988	1.09084441788124
8890	0.3001	1.09096713634427
8891	0.301	1.0910898548073
8892	0.302	1.09121257327033
8893	0.3032	1.09133529173336
8894	0.3041	1.09145801019639
8895	0.3051	1.09158072865942
8896	0.3069	1.09170344712245
8897	0.3082	1.09182616558548
8898	0.3091	1.09194888404851
8899	0.31	1.09207160251155
8900	0.3113	1.09219432097458
8901	0.3125	1.09231703943761
8902	0.314	1.09243975790064
8903	0.3154	1.09256247636367
8904	0.316	1.0926851948267
8905	0.3169	1.09280791328973
8906	0.3179	1.09293063175276
8907	0.3195	1.09305335021579
8908	0.3206	1.09317606867882
8909	0.3221	1.09329878714185
8910	0.3232	1.09342150560489
8911	0.3239	1.09354422406792
8912	0.3247	1.09366694253095
8913	0.3256	1.09378966099398
8914	0.3266	1.09391237945701
8915	0.3279	1.09403509792004
8916	0.3292	1.09415781638307
8917	0.3302	1.0942805348461
8918	0.3315	1.09440325330913
8919	0.3327	1.09452597177216
8920	0.3345	1.09464869023519
8921	0.3354	1.09477140869822
8922	0.3371	1.09489412716126
8923	0.3386	1.09501684562429
8924	0.3397	1.09513956408732
8925	0.3412	1.09526228255035
8926	0.343	1.09538500101338
8927	0.344	1.09550771947641
8928	0.3451	1.09563043793944
8929	0.3463	1.09575315640247
8930	0.3476	1.0958758748655
8931	0.3485	1.09599859332853
8932	0.3502	1.09612131179156
8933	0.3524	1.09624403025459
8934	0.3535	1.09636674871763
8935	0.355	1.09648946718066
8936	0.3563	1.09661218564369
8937	0.3574	1.09673490410672
8938	0.3586	1.09685762256975
8939	0.36	1.09698034103278
8940	0.3609	1.09710305949581
8941	0.3621	1.09722577795884
8942	0.363	1.09734849642187
8943	0.3642	1.0974712148849
8944	0.3646	1.09759393334793
8945	0.3659	1.09771665181096
8946	0.3678	1.097839370274
8947	0.3683	1.09796208873703
8948	0.3697	1.09808480720006
8949	0.3707	1.09820752566309
8950	0.3713	1.09833024412612
8951	0.3725	1.09845296258915
8952	0.3734	1.09857568105218
8953	0.3746	1.09869839951521
8954	0.3755	1.09882111797824
8955	0.3766	1.09894383644127
8956	0.3775	1.0990665549043
8957	0.3782	1.09918927336733
8958	0.3791	1.09931199183037
8959	0.3808	1.0994347102934
8960	0.3824	1.09955742875643
8961	0.384	1.09968014721946
8962	0.3853	1.09980286568249
8963	0.3862	1.09992558414552
8964	0.3873	1.10004830260855
8965	0.3887	1.10017102107158
8966	0.3896	1.10029373953461
8967	0.3904	1.10041645799764
8968	0.3918	1.10053917646067
8969	0.3932	1.10066189492371
8970	0.3945	1.10078461338674
8971	0.3961	1.10090733184977
8972	0.3977	1.1010300503128
8973	0.3991	1.10115276877583
8974	0.4005	1.10127548723886
8975	0.4017	1.10139820570189
8976	0.403	1.10152092416492
8977	0.4045	1.10164364262795
8978	0.4057	1.10176636109098
8979	0.407	1.10188907955401
8980	0.4084	1.10201179801704
8981	0.4098	1.10213451648008
8982	0.4109	1.10225723494311
8983	0.4123	1.10237995340614
8984	0.4134	1.10250267186917
8985	0.4154	1.1026253903322
8986	0.4179	1.10274810879523
8987	0.4192	1.10287082725826
8988	0.4211	1.10299354572129
8989	0.4222	1.10311626418432
8990	0.4233	1.10323898264735
8991	0.4243	1.10336170111038
8992	0.426	1.10348441957341
8993	0.4281	1.10360713803645
8994	0.4292	1.10372985649948
8995	0.4301	1.10385257496251
8996	0.4316	1.10397529342554
8997	0.4336	1.10409801188857
8998	0.4345	1.1042207303516
8999	0.4359	1.10434344881463
9000	0.4383	1.10446616727766
9001	0.4398	1.10458888574069
9002	0.4408	1.10471160420372
9003	0.4421	1.10483432266675
9004	0.443500000000001	1.10495704112979
9005	0.4452	1.10507975959282
9006	0.4459	1.10520247805585
9007	0.4469	1.10532519651888
9008	0.4487	1.10544791498191
9009	0.4503	1.10557063344494
9010	0.4517	1.10569335190797
9011	0.4529	1.105816070371
9012	0.4541	1.10593878883403
9013	0.455	1.10606150729706
9014	0.456	1.10618422576009
9015	0.4572	1.10630694422312
9016	0.4583	1.10642966268616
9017	0.4595	1.10655238114919
9018	0.4605	1.10667509961222
9019	0.4625	1.10679781807525
9020	0.4639	1.10692053653828
9021	0.465	1.10704325500131
9022	0.4664	1.10716597346434
9023	0.468	1.10728869192737
9024	0.4686	1.1074114103904
9025	0.4697	1.10753412885343
9026	0.4704	1.10765684731646
9027	0.4712	1.10777956577949
9028	0.4733	1.10790228424253
9029	0.4749	1.10802500270556
9030	0.4767	1.10814772116859
9031	0.4784	1.10827043963162
9032	0.4797	1.10839315809465
9033	0.481	1.10851587655768
9034	0.4824	1.10863859502071
9035	0.484	1.10876131348374
9036	0.4851	1.10888403194677
9037	0.487	1.1090067504098
9038	0.4884	1.10912946887283
9039	0.4894	1.10925218733586
9040	0.4908	1.1093749057989
9041	0.4917	1.10949762426193
9042	0.4931	1.10962034272496
9043	0.4945	1.10974306118799
9044	0.496	1.10986577965102
9045	0.497400000000001	1.10998849811405
9046	0.4991	1.11011121657708
9047	0.500300000000001	1.11023393504011
9048	0.502000000000001	1.11035665350314
9049	0.502800000000001	1.11047937196617
9050	0.504500000000001	1.1106020904292
9051	0.505900000000001	1.11072480889224
9052	0.507500000000001	1.11084752735527
9053	0.509200000000001	1.1109702458183
9054	0.510100000000001	1.11109296428133
9055	0.511200000000001	1.11121568274436
9056	0.513500000000001	1.11133840120739
9057	0.515000000000001	1.11146111967042
9058	0.516200000000001	1.11158383813345
9059	0.517200000000001	1.11170655659648
9060	0.519000000000001	1.11182927505951
9061	0.520400000000001	1.11195199352254
9062	0.5218	1.11207471198557
9063	0.5237	1.11219743044861
9064	0.5252	1.11232014891164
9065	0.5267	1.11244286737467
9066	0.5276	1.1125655858377
9067	0.5289	1.11268830430073
9068	0.5306	1.11281102276376
9069	0.5319	1.11293374122679
9070	0.5335	1.11305645968982
9071	0.535	1.11317917815285
9072	0.5369	1.11330189661588
9073	0.5388	1.11342461507891
9074	0.5401	1.11354733354194
9075	0.5412	1.11367005200498
9076	0.5425	1.11379277046801
9077	0.5441	1.11391548893104
9078	0.5454	1.11403820739407
9079	0.5468	1.1141609258571
9080	0.548	1.11428364432013
9081	0.5498	1.11440636278316
9082	0.5512	1.11452908124619
9083	0.5525	1.11465179970922
9084	0.5539	1.11477451817225
9085	0.5565	1.11489723663528
9086	0.5582	1.11501995509831
9087	0.5586	1.11514267356135
9088	0.5602	1.11526539202438
9089	0.5608	1.11538811048741
9090	0.5616	1.11551082895044
9091	0.5633	1.11563354741347
9092	0.5646	1.1157562658765
9093	0.5657	1.11587898433953
9094	0.567	1.11600170280256
9095	0.5686	1.11612442126559
9096	0.5701	1.11624713972862
9097	0.5717	1.11636985819165
9098	0.5731	1.11649257665469
9099	0.5743	1.11661529511772
9100	0.576	1.11673801358075
9101	0.577	1.11686073204378
9102	0.5784	1.11698345050681
9103	0.5804	1.11710616896984
9104	0.5825	1.11722888743287
9105	0.5837	1.1173516058959
9106	0.5852	1.11747432435893
9107	0.5868	1.11759704282196
9108	0.5884	1.11771976128499
9109	0.5897	1.11784247974802
9110	0.591	1.11796519821106
9111	0.5927	1.11808791667409
9112	0.5941	1.11821063513712
9113	0.5952	1.11833335360015
9114	0.597	1.11845607206318
9115	0.5985	1.11857879052621
9116	0.5999	1.11870150898924
9117	0.6008	1.11882422745227
9118	0.6018	1.1189469459153
9119	0.6029	1.11906966437833
9120	0.6043	1.11919238284136
9121	0.6059	1.11931510130439
9122	0.6074	1.11943781976743
9123	0.609	1.11956053823046
9124	0.6097	1.11968325669349
9125	0.6103	1.11980597515652
9126	0.6121	1.11992869361955
9127	0.6132	1.12005141208258
9128	0.6145	1.12017413054561
9129	0.6158	1.12029684900864
9130	0.617	1.12041956747167
9131	0.618	1.1205422859347
9132	0.6192	1.12066500439773
9133	0.621	1.12078772286077
9134	0.6222	1.1209104413238
9135	0.6234	1.12103315978683
9136	0.6248	1.12115587824986
9137	0.6255	1.12127859671289
9138	0.6265	1.12140131517592
9139	0.6277	1.12152403363895
9140	0.6285	1.12164675210198
9141	0.6301	1.12176947056501
9142	0.6322	1.12189218902804
9143	0.634	1.12201490749107
9144	0.6357	1.1221376259541
9145	0.6369	1.12226034441714
9146	0.6382	1.12238306288017
9147	0.6394	1.1225057813432
9148	0.6406	1.12262849980623
9149	0.6418	1.12275121826926
9150	0.643	1.12287393673229
9151	0.6445	1.12299665519532
9152	0.6462	1.12311937365835
9153	0.6477	1.12324209212138
9154	0.6487	1.12336481058441
9155	0.6491	1.12348752904744
9156	0.6504	1.12361024751047
9157	0.6519	1.12373296597351
9158	0.6529	1.12385568443654
9159	0.6541	1.12397840289957
9160	0.6552	1.1241011213626
9161	0.6564	1.12422383982563
9162	0.6575	1.12434655828866
9163	0.6586	1.12446927675169
9164	0.6595	1.12459199521472
9165	0.6601	1.12471471367775
9166	0.6613	1.12483743214078
9167	0.6625	1.12496015060381
9168	0.6635	1.12508286906684
9169	0.6645	1.12520558752988
9170	0.6663	1.12532830599291
9171	0.6672	1.12545102445594
9172	0.6682	1.12557374291897
9173	0.6693	1.125696461382
9174	0.6707	1.12581917984503
9175	0.6722	1.12594189830806
9176	0.6737	1.12606461677109
9177	0.6756	1.12618733523412
9178	0.6773	1.12631005369715
9179	0.6786	1.12643277216018
9180	0.6799	1.12655549062321
9181	0.6812	1.12667820908625
9182	0.6823	1.12680092754928
9183	0.6835	1.12692364601231
9184	0.6848	1.12704636447534
9185	0.6858	1.12716908293837
9186	0.687199999999999	1.1272918014014
9187	0.688499999999999	1.12741451986443
9188	0.689899999999999	1.12753723832746
9189	0.691699999999999	1.12765995679049
9190	0.692799999999999	1.12778267525352
9191	0.694399999999999	1.12790539371655
9192	0.696699999999999	1.12802811217959
9193	0.697599999999999	1.12815083064262
9194	0.699099999999999	1.12827354910565
9195	0.700299999999999	1.12839626756868
9196	0.701799999999999	1.12851898603171
9197	0.703199999999999	1.12864170449474
9198	0.704499999999999	1.12876442295777
9199	0.705299999999999	1.1288871414208
9200	0.705799999999999	1.12900985988383
9201	0.707199999999999	1.12913257834686
9202	0.708699999999999	1.12925529680989
9203	0.709799999999999	1.12937801527292
9204	0.710999999999999	1.12950073373596
9205	0.711999999999999	1.12962345219899
9206	0.712999999999999	1.12974617066202
9207	0.713799999999999	1.12986888912505
9208	0.714599999999999	1.12999160758808
9209	0.715899999999999	1.13011432605111
9210	0.716899999999999	1.13023704451414
9211	0.718399999999999	1.13035976297717
9212	0.719399999999999	1.1304824814402
9213	0.720699999999999	1.13060519990323
9214	0.721699999999999	1.13072791836626
9215	0.723099999999999	1.13085063682929
9216	0.724199999999999	1.13097335529233
9217	0.725299999999999	1.13109607375536
9218	0.726799999999999	1.13121879221839
9219	0.728299999999999	1.13134151068142
9220	0.729499999999999	1.13146422914445
9221	0.731199999999999	1.13158694760748
9222	0.733099999999999	1.13170966607051
9223	0.734499999999999	1.13183238453354
9224	0.735199999999999	1.13195510299657
9225	0.736399999999999	1.1320778214596
9226	0.737299999999999	1.13220053992263
9227	0.738299999999999	1.13232325838567
9228	0.739399999999999	1.1324459768487
9229	0.740399999999999	1.13256869531173
9230	0.741399999999999	1.13269141377476
9231	0.742799999999999	1.13281413223779
9232	0.743799999999999	1.13293685070082
9233	0.745099999999999	1.13305956916385
9234	0.746199999999999	1.13318228762688
9235	0.747199999999999	1.13330500608991
9236	0.748299999999999	1.13342772455294
9237	0.749099999999999	1.13355044301597
9238	0.750499999999999	1.133673161479
9239	0.752299999999999	1.13379587994204
9240	0.753399999999999	1.13391859840507
9241	0.754399999999999	1.1340413168681
9242	0.754699999999999	1.13416403533113
9243	0.755299999999999	1.13428675379416
9244	0.756599999999999	1.13440947225719
9245	0.757399999999999	1.13453219072022
9246	0.758599999999999	1.13465490918325
9247	0.759499999999999	1.13477762764628
9248	0.760599999999999	1.13490034610931
9249	0.761699999999999	1.13502306457234
9250	0.762199999999999	1.13514578303537
9251	0.763799999999999	1.13526850149841
9252	0.765299999999999	1.13539121996144
9253	0.766099999999999	1.13551393842447
9254	0.767399999999999	1.1356366568875
9255	0.768499999999999	1.13575937535053
9256	0.769399999999999	1.13588209381356
9257	0.770899999999999	1.13600481227659
9258	0.771899999999999	1.13612753073962
9259	0.772999999999999	1.13625024920265
9260	0.774099999999999	1.13637296766568
9261	0.774999999999999	1.13649568612871
9262	0.776499999999999	1.13661840459174
9263	0.777799999999998	1.13674112305478
9264	0.778699999999999	1.13686384151781
9265	0.779599999999999	1.13698655998084
9266	0.781199999999999	1.13710927844387
9267	0.782399999999999	1.1372319969069
9268	0.782999999999999	1.13735471536993
9269	0.783999999999999	1.13747743383296
9270	0.784799999999999	1.13760015229599
9271	0.786499999999999	1.13772287075902
9272	0.787499999999999	1.13784558922205
9273	0.788199999999999	1.13796830768508
9274	0.788999999999999	1.13809102614811
9275	0.789499999999999	1.13821374461115
9276	0.790299999999999	1.13833646307418
9277	0.791199999999999	1.13845918153721
9278	0.792099999999999	1.13858190000024
9279	0.792699999999999	1.13870461846327
9280	0.793699999999999	1.1388273369263
9281	0.794199999999999	1.13895005538933
9282	0.794999999999999	1.13907277385236
9283	0.795999999999999	1.13919549231539
9284	0.796699999999999	1.13931821077842
9285	0.797699999999999	1.13944092924145
9286	0.798499999999999	1.13956364770449
9287	0.799399999999999	1.13968636616752
9288	0.800899999999999	1.13980908463055
9289	0.801599999999999	1.13993180309358
9290	0.802399999999999	1.14005452155661
9291	0.803599999999999	1.14017724001964
9292	0.804599999999999	1.14029995848267
9293	0.805699999999999	1.1404226769457
9294	0.806199999999999	1.14054539540873
9295	0.807099999999999	1.14066811387176
9296	0.807599999999999	1.14079083233479
9297	0.807899999999999	1.14091355079782
9298	0.808799999999999	1.14103626926086
9299	0.810399999999999	1.14115898772389
9300	0.811599999999999	1.14128170618692
9301	0.812299999999999	1.14140442464995
9302	0.812899999999999	1.14152714311298
9303	0.813599999999999	1.14164986157601
9304	0.814599999999999	1.14177258003904
9305	0.815899999999999	1.14189529850207
9306	0.816499999999999	1.1420180169651
9307	0.817299999999999	1.14214073542813
9308	0.817899999999999	1.14226345389116
9309	0.818899999999999	1.14238617235419
9310	0.819299999999999	1.14250889081723
9311	0.820099999999999	1.14263160928026
9312	0.821199999999999	1.14275432774329
9313	0.821699999999999	1.14287704620632
9314	0.822799999999999	1.14299976466935
9315	0.823699999999999	1.14312248313238
9316	0.824599999999999	1.14324520159541
9317	0.825299999999999	1.14336792005844
9318	0.825899999999999	1.14349063852147
9319	0.826699999999999	1.1436133569845
9320	0.827999999999999	1.14373607544753
9321	0.829199999999999	1.14385879391056
9322	0.829799999999999	1.1439815123736
9323	0.830799999999999	1.14410423083663
9324	0.832299999999999	1.14422694929966
9325	0.833599999999999	1.14434966776269
9326	0.834499999999999	1.14447238622572
9327	0.835599999999999	1.14459510468875
9328	0.836199999999999	1.14471782315178
9329	0.837499999999999	1.14484054161481
9330	0.838699999999999	1.14496326007784
9331	0.839699999999999	1.14508597854087
9332	0.840999999999999	1.1452086970039
9333	0.842799999999999	1.14533141546694
9334	0.843699999999999	1.14545413392997
9335	0.844399999999999	1.145576852393
9336	0.844999999999999	1.14569957085603
9337	0.845699999999999	1.14582228931906
9338	0.846799999999999	1.14594500778209
9339	0.847699999999999	1.14606772624512
9340	0.848199999999999	1.14619044470815
9341	0.848799999999999	1.14631316317118
9342	0.849499999999999	1.14643588163421
9343	0.850899999999999	1.14655860009724
9344	0.851499999999999	1.14668131856027
9345	0.852299999999999	1.14680403702331
9346	0.852999999999999	1.14692675548634
9347	0.854499999999999	1.14704947394937
9348	0.855399999999999	1.1471721924124
9349	0.855999999999999	1.14729491087543
9350	0.856799999999999	1.14741762933846
9351	0.857199999999999	1.14754034780149
9352	0.857799999999999	1.14766306626452
9353	0.858399999999999	1.14778578472755
9354	0.858999999999999	1.14790850319058
9355	0.859699999999999	1.14803122165361
9356	0.860599999999999	1.14815394011664
9357	0.861599999999999	1.14827665857968
9358	0.862099999999999	1.14839937704271
9359	0.862399999999999	1.14852209550574
9360	0.863199999999999	1.14864481396877
9361	0.864099999999999	1.1487675324318
9362	0.864799999999999	1.14889025089483
9363	0.865499999999999	1.14901296935786
9364	0.866099999999999	1.14913568782089
9365	0.866699999999999	1.14925840628392
9366	0.867199999999999	1.14938112474695
9367	0.867599999999999	1.14950384320998
9368	0.868499999999999	1.14962656167302
9369	0.869299999999999	1.14974928013605
9370	0.869599999999999	1.14987199859908
9371	0.870399999999999	1.14999471706211
9372	0.871399999999999	1.15011743552514
9373	0.872499999999999	1.15024015398817
9374	0.873099999999999	1.1503628724512
9375	0.873999999999999	1.15048559091423
9376	0.874699999999999	1.15060830937726
9377	0.875599999999999	1.15073102784029
9378	0.876899999999999	1.15085374630332
9379	0.877899999999999	1.15097646476635
9380	0.879199999999999	1.15109918322939
9381	0.879499999999999	1.15122190169242
9382	0.880199999999999	1.15134462015545
9383	0.881299999999999	1.15146733861848
9384	0.881999999999999	1.15159005708151
9385	0.882499999999999	1.15171277554454
9386	0.883299999999999	1.15183549400757
9387	0.883499999999999	1.1519582124706
9388	0.883899999999999	1.15208093093363
9389	0.884499999999999	1.15220364939666
9390	0.884899999999999	1.15232636785969
9391	0.885499999999999	1.15244908632272
9392	0.886199999999999	1.15257180478576
9393	0.887199999999999	1.15269452324879
9394	0.888199999999999	1.15281724171182
9395	0.888599999999999	1.15293996017485
9396	0.889499999999999	1.15306267863788
9397	0.890099999999999	1.15318539710091
9398	0.890699999999999	1.15330811556394
9399	0.891199999999999	1.15343083402697
9400	0.891899999999999	1.15355355249
9401	0.892499999999999	1.15367627095303
9402	0.893099999999999	1.15379898941606
9403	0.893399999999999	1.15392170787909
9404	0.893699999999999	1.15404442634213
9405	0.894099999999999	1.15416714480516
9406	0.894699999999999	1.15428986326819
9407	0.895299999999999	1.15441258173122
9408	0.896199999999999	1.15453530019425
9409	0.896999999999999	1.15465801865728
9410	0.897399999999999	1.15478073712031
9411	0.898099999999999	1.15490345558334
9412	0.898199999999999	1.15502617404637
9413	0.899099999999999	1.1551488925094
9414	0.899799999999999	1.15527161097243
9415	0.900299999999999	1.15539432943546
9416	0.900999999999999	1.1555170478985
9417	0.901299999999999	1.15563976636153
9418	0.901899999999999	1.15576248482456
9419	0.902699999999999	1.15588520328759
9420	0.903399999999999	1.15600792175062
9421	0.903699999999999	1.15613064021365
9422	0.903799999999999	1.15625335867668
9423	0.903999999999999	1.15637607713971
9424	0.904699999999999	1.15649879560274
9425	0.905799999999999	1.15662151406577
9426	0.906099999999999	1.1567442325288
9427	0.906799999999999	1.15686695099184
9428	0.907499999999999	1.15698966945487
9429	0.907999999999999	1.1571123879179
9430	0.908399999999999	1.15723510638093
9431	0.909199999999999	1.15735782484396
9432	0.909899999999999	1.15748054330699
9433	0.910299999999999	1.15760326177002
9434	0.911099999999999	1.15772598023305
9435	0.911499999999999	1.15784869869608
9436	0.911899999999999	1.15797141715911
9437	0.912099999999999	1.15809413562214
9438	0.912399999999999	1.15821685408517
9439	0.913099999999999	1.15833957254821
9440	0.913599999999999	1.15846229101124
9441	0.913999999999999	1.15858500947427
9442	0.914599999999999	1.1587077279373
9443	0.915199999999999	1.15883044640033
9444	0.915799999999999	1.15895316486336
9445	0.916499999999999	1.15907588332639
9446	0.916699999999999	1.15919860178942
9447	0.916799999999999	1.15932132025245
9448	0.917399999999999	1.15944403871548
9449	0.917899999999999	1.15956675717851
9450	0.917999999999999	1.15968947564154
9451	0.918299999999999	1.15981219410458
9452	0.918999999999999	1.15993491256761
9453	0.919299999999999	1.16005763103064
9454	0.919499999999999	1.16018034949367
9455	0.920399999999999	1.1603030679567
9456	0.920999999999999	1.16042578641973
9457	0.921599999999999	1.16054850488276
9458	0.921899999999999	1.16067122334579
9459	0.922199999999999	1.16079394180882
9460	0.922899999999999	1.16091666027185
9461	0.923499999999999	1.16103937873488
9462	0.923699999999999	1.16116209719791
9463	0.924499999999999	1.16128481566095
9464	0.925299999999999	1.16140753412398
9465	0.925499999999999	1.16153025258701
9466	0.926599999999999	1.16165297105004
9467	0.926699999999999	1.16177568951307
9468	0.927399999999999	1.1618984079761
9469	0.927899999999999	1.16202112643913
9470	0.928299999999999	1.16214384490216
9471	0.928599999999999	1.16226656336519
9472	0.929299999999999	1.16238928182822
9473	0.929999999999999	1.16251200029125
9474	0.930699999999999	1.16263471875429
9475	0.931099999999999	1.16275743721732
9476	0.931599999999999	1.16288015568035
9477	0.931999999999999	1.16300287414338
9478	0.932199999999999	1.16312559260641
9479	0.932799999999999	1.16324831106944
9480	0.933199999999999	1.16337102953247
9481	0.933299999999999	1.1634937479955
9482	0.933599999999999	1.16361646645853
9483	0.934099999999999	1.16373918492156
9484	0.934299999999999	1.16386190338459
9485	0.934999999999999	1.16398462184762
9486	0.935999999999999	1.16410734031066
9487	0.936399999999999	1.16423005877369
9488	0.936699999999999	1.16435277723672
9489	0.936899999999999	1.16447549569975
9490	0.937199999999999	1.16459821416278
9491	0.937499999999999	1.16472093262581
9492	0.937699999999999	1.16484365108884
9493	0.937999999999999	1.16496636955187
9494	0.938299999999999	1.1650890880149
9495	0.938799999999999	1.16521180647793
9496	0.939799999999999	1.16533452494096
9497	0.940199999999999	1.16545724340399
9499	0.940899999999999	1.16570268033006
9500	0.941199999999999	1.16582539879309
9501	0.941799999999999	1.16594811725612
9502	0.942199999999999	1.16607083571915
9503	0.942399999999999	1.16619355418218
9504	0.942699999999999	1.16631627264521
9505	0.943299999999999	1.16643899110824
9506	0.943699999999999	1.16656170957127
9507	0.944099999999999	1.1666844280343
9508	0.944599999999999	1.16680714649733
9509	0.945099999999998	1.16692986496036
9510	0.945599999999998	1.1670525834234
9511	0.945799999999998	1.16717530188643
9512	0.946199999999998	1.16729802034946
9513	0.946599999999998	1.16742073881249
9514	0.946999999999998	1.16754345727552
9515	0.947399999999998	1.16766617573855
9516	0.947999999999998	1.16778889420158
9517	0.948499999999998	1.16791161266461
9518	0.948799999999998	1.16803433112764
9519	0.948999999999998	1.16815704959067
9520	0.949299999999998	1.1682797680537
9521	0.949899999999998	1.16840248651674
9522	0.950299999999998	1.16852520497977
9523	0.950399999999998	1.1686479234428
9524	0.950899999999998	1.16877064190583
9525	0.951099999999998	1.16889336036886
9526	0.951299999999998	1.16901607883189
9527	0.951899999999998	1.16913879729492
9528	0.952199999999998	1.16926151575795
9529	0.952299999999998	1.16938423422098
9530	0.952499999999998	1.16950695268401
9531	0.952699999999998	1.16962967114704
9532	0.952899999999998	1.16975238961007
9533	0.953399999999998	1.16987510807311
9534	0.953699999999998	1.16999782653614
9535	0.954999999999998	1.17012054499917
9536	0.955099999999998	1.1702432634622
9537	0.955299999999998	1.17036598192523
9538	0.955599999999998	1.17048870038826
9539	0.956099999999998	1.17061141885129
9540	0.956399999999998	1.17073413731432
9541	0.956499999999998	1.17085685577735
9542	0.956799999999998	1.17097957424038
9543	0.957299999999998	1.17110229270341
9544	0.957399999999998	1.17122501116644
9545	0.957699999999998	1.17134772962948
9546	0.957999999999998	1.17147044809251
9547	0.958199999999997	1.17159316655554
9548	0.958799999999998	1.17171588501857
9549	0.959299999999997	1.1718386034816
9550	0.959699999999997	1.17196132194463
9551	0.960099999999997	1.17208404040766
9552	0.960199999999997	1.17220675887069
9553	0.960299999999997	1.17232947733372
9554	0.960599999999997	1.17245219579675
9555	0.960999999999997	1.17257491425978
9556	0.961099999999997	1.17269763272281
9557	0.961399999999997	1.17282035118585
9558	0.962399999999997	1.17294306964888
9559	0.962899999999997	1.17306578811191
9560	0.963299999999997	1.17318850657494
9561	0.963499999999997	1.17331122503797
9562	0.964099999999997	1.173433943501
9563	0.964499999999997	1.17355666196403
9564	0.964799999999997	1.17367938042706
9565	0.964999999999997	1.17380209889009
9566	0.965099999999997	1.17392481735312
9567	0.965299999999997	1.17404753581615
9568	0.965499999999997	1.17417025427919
9569	0.965799999999997	1.17429297274222
9570	0.966299999999997	1.17441569120525
9571	0.966399999999997	1.17453840966828
9572	0.966499999999997	1.17466112813131
9573	0.966699999999997	1.17478384659434
9574	0.967099999999997	1.17490656505737
9575	0.967399999999997	1.1750292835204
9577	0.967499999999997	1.17527472044646
9578	0.967999999999997	1.17539743890949
9579	0.968099999999997	1.17552015737252
9580	0.968199999999997	1.17564287583556
9581	0.968399999999997	1.17576559429859
9582	0.968699999999997	1.17588831276162
9583	0.968799999999997	1.17601103122465
9584	0.969099999999997	1.17613374968768
9585	0.969599999999997	1.17625646815071
9586	0.969899999999997	1.17637918661374
9587	0.970199999999997	1.17650190507677
9588	0.970299999999996	1.1766246235398
9589	0.970599999999996	1.17674734200283
9590	0.971099999999996	1.17687006046586
9591	0.971199999999996	1.17699277892889
9593	0.971799999999996	1.17723821585496
9595	0.971999999999996	1.17748365278102
9596	0.972399999999996	1.17760637124405
9597	0.972799999999996	1.17772908970708
9598	0.972899999999996	1.17785180817011
9599	0.973099999999996	1.17797452663314
9601	0.973399999999996	1.1782199635592
9602	0.973599999999996	1.17834268202223
9603	0.974199999999996	1.17846540048527
9604	0.974299999999996	1.1785881189483
9606	0.974699999999996	1.17883355587436
9607	0.975199999999996	1.17895627433739
9608	0.975299999999996	1.17907899280042
9609	0.975699999999996	1.17920171126345
9610	0.975799999999996	1.17932442972648
9611	0.975999999999996	1.17944714818951
9612	0.976299999999996	1.17956986665254
9613	0.976599999999996	1.17969258511557
9614	0.977099999999996	1.1798153035786
9615	0.977499999999996	1.17993802204164
9616	0.977699999999996	1.18006074050467
9617	0.977899999999996	1.1801834589677
9618	0.977999999999996	1.18030617743073
9620	0.978199999999996	1.18055161435679
9621	0.978599999999996	1.18067433281982
9622	0.978699999999996	1.18079705128285
9623	0.978799999999996	1.18091976974588
9624	0.979099999999996	1.18104248820891
9625	0.979199999999996	1.18116520667194
9626	0.979399999999996	1.18128792513497
9627	0.979499999999996	1.18141064359801
9629	0.979799999999996	1.18165608052407
9630	0.979999999999996	1.1817787989871
9631	0.980299999999996	1.18190151745013
9632	0.980699999999996	1.18202423591316
9633	0.980799999999996	1.18214695437619
9634	0.980999999999996	1.18226967283922
9635	0.981399999999995	1.18239239130225
9636	0.981499999999995	1.18251510976528
9638	0.981799999999995	1.18276054669134
9639	0.982099999999995	1.18288326515438
9640	0.982299999999995	1.18300598361741
9641	0.982499999999995	1.18312870208044
9643	0.982599999999995	1.1833741390065
9644	0.982899999999995	1.18349685746953
9646	0.983099999999995	1.18374229439559
9649	0.983199999999995	1.18411044978468
9651	0.983599999999995	1.18435588671075
9652	0.983699999999995	1.18447860517378
9653	0.983799999999995	1.18460132363681
9654	0.984099999999995	1.18472404209984
9655	0.984199999999995	1.18484676056287
9656	0.984399999999995	1.1849694790259
9657	0.984499999999995	1.18509219748893
9659	0.984599999999995	1.18533763441499
9660	0.984699999999995	1.18546035287802
9661	0.984799999999995	1.18558307134105
9662	0.984999999999995	1.18570578980409
9663	0.985099999999995	1.18582850826712
9664	0.985299999999995	1.18595122673015
9665	0.985399999999995	1.18607394519318
9666	0.985599999999995	1.18619666365621
9667	0.985799999999995	1.18631938211924
9668	0.985899999999995	1.18644210058227
9669	0.985999999999995	1.1865648190453
9670	0.986199999999995	1.18668753750833
9673	0.986299999999995	1.18705569289742
9674	0.986399999999995	1.18717841136046
9675	0.986499999999995	1.18730112982349
9676	0.986599999999995	1.18742384828652
9677	0.986699999999995	1.18754656674955
9678	0.986899999999995	1.18766928521258
9680	0.986999999999995	1.18791472213864
9681	0.987099999999995	1.18803744060167
9682	0.987199999999995	1.1881601590647
9686	0.987299999999995	1.18865103291683
9687	0.987499999999995	1.18877375137986
9688	0.987699999999995	1.18889646984289
9689	0.987899999999995	1.18901918830592
9691	0.987999999999995	1.18926462523198
9692	0.988099999999995	1.18938734369501
9694	0.988199999999995	1.18963278062107
9695	0.988299999999995	1.1897554990841
9696	0.988399999999995	1.18987821754713
9698	0.988499999999995	1.1901236544732
9699	0.988599999999995	1.19024637293623
9701	0.988699999999995	1.19049180986229
9703	0.988899999999995	1.19073724678835
9704	0.989099999999995	1.19085996525138
9705	0.989199999999995	1.19098268371441
9706	0.989299999999995	1.19110540217744
9708	0.989699999999995	1.1913508391035
9710	0.989799999999995	1.19159627602957
9712	0.990099999999995	1.19184171295563
9714	0.990199999999995	1.19208714988169
9715	0.990399999999995	1.19220986834472
9716	0.990499999999994	1.19233258680775
9717	0.990599999999994	1.19245530527078
9718	0.990699999999994	1.19257802373381
9720	0.990799999999994	1.19282346065987
9721	0.990999999999994	1.19294617912291
9722	0.991099999999994	1.19306889758594
9723	0.991299999999994	1.19319161604897
9729	0.991399999999994	1.19392792682715
9730	0.991599999999994	1.19405064529018
9732	0.991799999999994	1.19429608221624
9733	0.991899999999994	1.19441880067928
9736	0.991999999999994	1.19478695606837
9739	0.992099999999994	1.19515511145746
9740	0.992199999999994	1.19527782992049
9744	0.992299999999994	1.19576870377262
9745	0.992399999999994	1.19589142223565
9746	0.992499999999994	1.19601414069868
9748	0.992599999999994	1.19625957762474
9750	0.992699999999994	1.1965050145508
9751	0.992799999999994	1.19662773301383
9753	0.992899999999994	1.19687316993989
9754	0.993099999999994	1.19699588840292
9755	0.993199999999994	1.19711860686595
9756	0.993399999999994	1.19724132532899
9758	0.993599999999994	1.19748676225505
9761	0.993699999999994	1.19785491764414
9764	0.993799999999994	1.19822307303323
9768	0.993899999999994	1.19871394688536
9770	0.994199999999994	1.19895938381142
9774	0.994499999999994	1.19945025766354
9783	0.994699999999994	1.20055472383082
9785	0.994799999999994	1.20080016075688
9786	0.994999999999994	1.20092287921991
9788	0.995099999999994	1.20116831614597
9790	0.995199999999994	1.20141375307203
9791	0.995299999999994	1.20153647153506
9795	0.995399999999994	1.20202734538719
9796	0.995499999999994	1.20215006385022
9806	0.995599999999994	1.20337724848053
9807	0.995699999999994	1.20349996694356
9808	0.995799999999994	1.20362268540659
9810	0.995899999999994	1.20386812233265
9811	0.996099999999994	1.20399084079568
9815	0.996199999999994	1.20448171464781
9819	0.996299999999994	1.20497258849993
9822	0.996499999999994	1.20534074388902
9823	0.996599999999994	1.20546346235205
9828	0.996699999999994	1.20607705466721
9831	0.996799999999994	1.2064452100563
9832	0.996899999999994	1.20656792851933
9841	0.996999999999994	1.20767239468661
9847	0.997199999999994	1.20840870546479
9848	0.997299999999994	1.20853142392782
9856	0.997399999999994	1.20951317163207
9857	0.997499999999994	1.2096358900951
9864	0.997599999999994	1.21049491933632
9873	0.997799999999994	1.21159938550359
9874	0.997899999999994	1.21172210396663
9877	0.997999999999994	1.21209025935572
9880	0.998099999999994	1.21245841474481
9884	0.998199999999994	1.21294928859693
9900	0.998399999999994	1.21491278400543
9908	0.998499999999994	1.21589453170967
9913	0.998599999999994	1.21650812402483
9920	0.998699999999994	1.21736715326605
9923	0.998799999999994	1.21773530865514
9926	0.998999999999994	1.21810346404423
9941	0.999099999999994	1.21994424098969
9942	0.999199999999994	1.22006695945272
9950	0.999299999999994	1.22104870715697
9962	0.999399999999994	1.22252132871334
9983	0.999499999999994	1.22509841643699
10014	0.999599999999993	1.22890268879094
10025	0.999699999999993	1.23025259188428
10074	0.999799999999993	1.2362657965728
10092	0.999899999999993	1.23847472890735
10243	0.999999999999993	1.25700521682501
