88262	1
88396	1
88498	1
88628	1
88638	1
88700	1
88742	1
88818	1
89065	1
89069	1
89182	1
89197	1
89253	1
89278	1
89314	1
89328	1
89375	1
89384	1
89425	1
89445	1
89462	1
89508	1
89536	1
89564	1
89576	2
89587	1
89623	1
89628	1
89653	1
89673	1
89681	1
89701	1
89702	1
89713	1
89736	1
89739	1
89745	1
89829	1
89851	1
89858	1
89883	1
89907	1
89911	1
89916	1
89939	1
89945	1
89958	1
89965	1
89975	1
89979	1
89981	1
89983	1
89990	1
89992	1
89993	1
89998	1
90013	1
90024	1
90061	1
90066	1
90073	1
90075	1
90076	1
90078	1
90079	1
90091	1
90095	1
90099	1
90108	1
90114	1
90128	1
90130	1
90135	1
90136	1
90142	1
90154	1
90155	1
90158	1
90172	1
90174	2
90191	1
90192	1
90194	1
90195	1
90196	1
90210	1
90218	1
90222	1
90234	1
90240	1
90242	1
90250	1
90254	1
90265	1
90273	1
90290	1
90294	1
90297	1
90302	1
90327	1
90331	1
90338	1
90351	1
90353	1
90364	1
90372	1
90373	1
90381	1
90387	2
90392	1
90401	1
90403	2
90410	1
90411	1
90418	1
90425	1
90430	1
90432	1
90438	1
90442	1
90444	1
90452	1
90460	1
90469	1
90473	1
90478	1
90488	1
90500	1
90504	1
90517	2
90518	1
90521	1
90526	1
90528	1
90529	1
90530	1
90533	1
90534	1
90538	1
90539	1
90543	1
90549	1
90550	1
90552	1
90559	2
90569	1
90575	1
90581	1
90583	1
90588	1
90590	1
90594	1
90596	1
90606	2
90612	1
90613	1
90614	2
90615	1
90624	1
90625	1
90635	1
90638	1
90642	2
90643	1
90644	1
90648	1
90654	3
90655	1
90658	1
90659	1
90667	1
90668	1
90670	1
90672	1
90673	1
90676	1
90680	1
90687	2
90689	1
90693	1
90694	1
90697	1
90698	1
90700	1
90701	1
90708	1
90716	1
90728	1
90729	1
90730	1
90732	1
90734	1
90735	2
90737	1
90740	2
90747	1
90749	1
90751	1
90760	1
90764	2
90767	1
90771	1
90774	1
90777	1
90783	1
90787	1
90791	2
90794	1
90802	1
90803	1
90804	1
90805	2
90808	2
90809	1
90813	1
90814	1
90818	2
90820	2
90825	2
90827	1
90837	1
90845	2
90849	1
90852	2
90854	1
90856	1
90857	1
90865	1
90866	2
90867	2
90873	1
90875	2
90881	3
90885	1
90886	1
90889	1
90892	1
90893	1
90903	1
90909	1
90910	1
90915	1
90924	1
90929	2
90931	1
90932	1
90934	1
90944	1
90947	1
90948	2
90950	1
90962	1
90964	2
90969	1
90971	1
90974	1
90975	1
90977	1
90981	1
90983	1
90987	1
90988	1
90993	2
90994	1
91005	1
91008	2
91011	1
91012	2
91015	2
91016	1
91018	1
91019	1
91020	2
91023	1
91028	1
91030	1
91031	1
91036	1
91037	2
91038	2
91039	1
91043	1
91044	1
91046	2
91050	1
91051	1
91055	1
91056	1
91059	1
91061	1
91065	1
91068	1
91074	2
91080	1
91083	1
91084	1
91089	1
91090	2
91091	1
91093	1
91094	1
91095	1
91098	2
91099	1
91100	1
91101	1
91103	2
91105	1
91106	2
91109	1
91114	2
91115	1
91117	1
91121	1
91129	1
91130	1
91132	1
91134	1
91136	1
91138	1
91140	2
91142	1
91144	1
91147	1
91149	2
91152	1
91153	1
91155	1
91156	1
91158	1
91159	2
91165	2
91166	1
91169	1
91171	1
91172	1
91173	2
91176	2
91178	3
91179	1
91180	1
91183	2
91185	1
91188	2
91189	1
91191	1
91193	2
91198	1
91201	1
91209	1
91212	1
91213	1
91216	2
91222	2
91224	1
91225	1
91226	1
91231	1
91232	1
91235	3
91240	1
91241	1
91245	2
91246	1
91248	2
91252	2
91253	3
91254	2
91256	1
91260	2
91263	2
91267	1
91268	1
91269	1
91271	1
91273	1
91274	1
91276	2
91277	1
91280	1
91281	2
91282	1
91283	3
91285	1
91286	1
91287	2
91288	1
91292	2
91293	1
91294	1
91296	2
91298	1
91300	3
91301	3
91302	1
91304	2
91305	2
91310	2
91312	1
91313	1
91315	1
91316	1
91317	2
91318	2
91321	1
91322	3
91323	4
91325	2
91326	3
91327	1
91328	1
91330	1
91333	1
91334	1
91335	1
91338	1
91339	1
91340	4
91341	1
91344	1
91345	1
91346	1
91348	1
91349	2
91350	1
91356	1
91357	1
91358	1
91359	1
91363	1
91366	1
91367	1
91369	1
91370	1
91371	1
91373	1
91374	2
91376	1
91379	1
91381	1
91383	1
91385	1
91387	1
91389	2
91391	1
91394	1
91395	1
91396	1
91397	2
91401	1
91403	1
91411	1
91412	1
91413	1
91414	2
91416	1
91420	1
91421	1
91422	1
91423	1
91424	1
91425	1
91426	2
91427	1
91428	2
91429	1
91430	1
91431	1
91432	1
91433	1
91435	1
91436	1
91437	2
91438	2
91439	2
91440	1
91442	1
91444	1
91445	1
91446	1
91448	1
91449	1
91452	2
91453	3
91454	1
91455	1
91456	2
91457	1
91458	1
91459	2
91460	1
91461	2
91463	1
91464	2
91465	1
91466	1
91469	1
91470	1
91473	3
91474	2
91475	1
91476	1
91477	1
91479	1
91480	1
91481	2
91482	2
91485	1
91493	1
91494	2
91495	1
91496	1
91497	1
91498	1
91501	1
91502	1
91503	2
91505	1
91508	1
91509	1
91510	2
91511	2
91512	3
91514	1
91515	1
91517	3
91519	2
91522	1
91524	1
91525	1
91526	4
91528	2
91529	1
91531	3
91533	2
91534	4
91535	3
91536	4
91537	2
91540	1
91545	1
91546	1
91547	2
91548	1
91551	1
91552	1
91553	2
91560	2
91563	1
91564	3
91566	3
91567	2
91569	1
91571	1
91573	1
91578	1
91582	1
91584	1
91585	1
91586	2
91588	1
91595	1
91597	1
91598	1
91600	1
91601	1
91603	1
91604	1
91606	2
91608	1
91609	1
91611	2
91612	1
91613	1
91615	1
91617	1
91618	4
91619	1
91620	2
91622	1
91625	3
91626	1
91631	1
91633	2
91634	1
91635	2
91636	1
91637	1
91639	3
91640	1
91642	2
91643	1
91644	1
91645	3
91646	2
91647	1
91649	1
91650	1
91651	2
91652	2
91653	2
91657	1
91658	2
91659	1
91661	1
91664	3
91665	4
91666	1
91667	1
91668	2
91670	2
91672	2
91674	2
91675	1
91676	1
91677	1
91682	1
91683	1
91684	4
91687	1
91688	2
91691	1
91692	3
91693	1
91694	2
91695	2
91696	1
91699	2
91700	2
91703	2
91705	2
91706	1
91707	1
91708	1
91709	4
91712	1
91713	2
91714	1
91715	1
91716	1
91717	1
91718	2
91722	2
91723	1
91725	2
91726	1
91729	2
91734	1
91735	4
91736	2
91737	1
91739	3
91741	1
91743	2
91744	1
91746	1
91748	2
91750	1
91754	1
91755	1
91757	2
91758	3
91759	1
91760	3
91763	3
91765	3
91766	1
91767	2
91769	1
91773	1
91774	1
91775	2
91776	1
91777	2
91778	1
91779	1
91783	1
91784	4
91785	1
91787	2
91788	2
91789	2
91790	1
91791	2
91794	1
91797	2
91800	3
91802	1
91804	1
91805	1
91807	1
91808	1
91810	2
91811	2
91812	2
91813	3
91814	1
91815	3
91816	5
91817	2
91819	1
91820	2
91821	4
91822	2
91824	2
91825	2
91826	1
91827	2
91828	3
91829	2
91830	2
91833	1
91834	5
91835	2
91836	1
91837	2
91838	2
91839	2
91840	2
91842	1
91843	2
91845	1
91847	1
91849	1
91850	2
91851	1
91852	3
91853	1
91854	3
91855	2
91856	2
91857	1
91858	1
91860	2
91868	2
91870	3
91872	2
91874	2
91875	1
91877	1
91878	4
91879	4
91880	2
91881	1
91882	1
91884	2
91885	2
91886	2
91887	1
91888	1
91890	2
91891	2
91893	1
91894	1
91896	2
91897	1
91900	6
91901	2
91904	2
91905	1
91906	1
91907	1
91908	1
91909	1
91910	3
91911	1
91912	1
91914	2
91916	3
91917	1
91918	1
91921	2
91922	3
91923	1
91924	1
91925	1
91926	1
91927	2
91928	1
91930	1
91931	3
91933	3
91934	1
91935	2
91936	2
91937	2
91939	1
91940	2
91941	3
91942	1
91943	3
91944	1
91945	3
91947	1
91948	1
91950	1
91951	2
91952	2
91953	1
91954	1
91955	1
91957	1
91958	1
91959	1
91960	2
91962	2
91963	2
91964	2
91965	2
91966	1
91967	2
91968	2
91969	2
91970	2
91971	1
91972	1
91973	3
91975	2
91976	3
91977	1
91978	2
91979	2
91980	4
91982	1
91983	2
91984	3
91985	4
91986	1
91987	2
91990	2
91991	9
91993	1
91994	4
91995	1
91996	1
91997	1
91998	3
92001	4
92002	2
92003	2
92005	3
92006	2
92007	2
92009	3
92010	1
92011	1
92012	1
92013	3
92018	1
92019	1
92020	2
92021	2
92022	1
92023	1
92024	1
92026	1
92028	1
92029	2
92030	1
92031	2
92032	1
92034	3
92035	1
92036	4
92037	2
92038	2
92039	1
92040	2
92041	1
92042	1
92043	2
92045	3
92046	1
92047	1
92048	2
92049	2
92050	1
92051	3
92052	1
92053	3
92054	1
92055	2
92056	1
92057	4
92058	1
92059	2
92060	1
92064	1
92065	1
92066	1
92067	1
92068	1
92069	2
92070	1
92072	3
92073	3
92074	1
92075	1
92076	4
92077	3
92078	2
92079	3
92080	1
92081	2
92082	1
92084	3
92085	5
92087	1
92089	1
92090	2
92091	2
92092	1
92093	1
92094	1
92095	2
92096	2
92097	2
92099	1
92102	1
92103	2
92105	1
92106	2
92107	4
92109	7
92111	2
92112	2
92113	3
92114	2
92115	3
92116	2
92117	6
92118	3
92119	3
92121	3
92122	1
92123	1
92124	2
92125	3
92126	2
92127	4
92129	2
92131	2
92132	3
92133	2
92134	2
92135	2
92136	1
92137	3
92138	1
92139	2
92140	4
92141	1
92143	1
92144	2
92145	2
92147	3
92148	1
92153	1
92154	5
92156	2
92157	3
92158	1
92161	1
92162	1
92164	3
92165	2
92166	2
92167	1
92168	1
92169	1
92170	1
92173	1
92174	2
92175	5
92177	5
92178	3
92180	2
92181	3
92182	1
92183	2
92184	3
92185	6
92186	4
92187	2
92189	1
92190	4
92191	3
92192	1
92193	1
92194	1
92195	1
92196	1
92198	1
92199	2
92200	1
92201	1
92202	2
92203	1
92204	1
92205	2
92206	1
92208	1
92212	1
92213	4
92214	3
92216	2
92217	3
92218	2
92221	1
92222	3
92223	3
92224	1
92225	2
92226	2
92228	1
92229	2
92230	4
92232	3
92234	1
92235	2
92236	2
92237	3
92238	5
92239	1
92240	3
92241	2
92242	2
92243	2
92244	4
92245	1
92246	2
92247	1
92248	1
92249	3
92250	1
92251	4
92253	1
92254	2
92255	2
92256	1
92257	1
92258	6
92259	3
92260	3
92261	2
92262	1
92263	2
92264	6
92267	2
92269	3
92271	4
92272	1
92273	1
92274	1
92275	2
92276	2
92277	1
92278	5
92279	3
92280	1
92281	2
92282	6
92283	1
92285	4
92286	1
92287	4
92289	2
92290	3
92292	3
92293	1
92294	2
92295	2
92296	2
92297	2
92298	2
92299	2
92300	1
92301	3
92303	3
92304	2
92305	1
92307	3
92308	1
92309	4
92310	2
92311	1
92312	2
92313	4
92314	1
92315	1
92316	2
92317	1
92318	4
92319	2
92320	3
92321	3
92322	1
92323	1
92324	2
92325	1
92326	2
92327	2
92328	2
92329	6
92330	3
92331	1
92332	3
92333	2
92334	1
92336	3
92337	1
92338	3
92339	6
92340	1
92341	1
92342	1
92343	4
92344	1
92345	2
92346	1
92347	1
92348	1
92349	1
92350	2
92351	2
92353	5
92354	2
92355	3
92356	3
92357	2
92358	1
92359	1
92360	1
92361	3
92362	1
92363	1
92364	3
92365	2
92366	1
92367	2
92368	3
92369	2
92370	1
92371	3
92372	1
92374	1
92375	4
92377	2
92378	2
92379	2
92380	2
92381	3
92382	3
92383	3
92384	3
92385	4
92386	3
92387	3
92388	2
92390	2
92391	2
92392	1
92393	2
92396	2
92397	1
92398	4
92399	2
92400	4
92401	4
92402	2
92403	1
92404	4
92405	2
92408	3
92409	1
92410	3
92411	6
92412	1
92413	2
92414	3
92415	5
92417	7
92418	1
92419	3
92420	1
92421	3
92422	1
92423	1
92425	4
92426	2
92427	1
92428	2
92429	1
92430	2
92431	4
92432	2
92433	4
92434	2
92435	4
92436	1
92437	1
92439	4
92440	2
92441	3
92443	1
92444	2
92445	1
92446	3
92447	1
92448	1
92449	2
92450	3
92451	2
92452	3
92453	2
92454	1
92455	1
92456	1
92457	3
92458	1
92459	1
92461	4
92462	3
92464	2
92465	2
92466	1
92467	2
92468	1
92469	3
92470	3
92471	2
92472	3
92473	2
92474	3
92475	2
92476	6
92477	7
92478	1
92479	1
92480	2
92481	4
92482	1
92484	2
92485	2
92487	4
92488	8
92489	4
92490	4
92491	2
92492	4
92493	2
92494	2
92495	1
92496	2
92498	1
92499	2
92500	2
92501	2
92502	2
92503	4
92505	1
92506	1
92507	3
92509	1
92510	1
92511	2
92512	2
92513	2
92514	2
92515	2
92516	2
92517	3
92518	3
92519	1
92520	3
92522	1
92523	2
92524	2
92525	4
92526	3
92527	3
92528	1
92529	8
92530	3
92531	5
92532	4
92533	2
92534	4
92535	3
92536	3
92538	2
92539	2
92540	3
92541	2
92542	6
92543	4
92544	2
92545	3
92546	3
92548	1
92549	1
92550	2
92551	3
92552	3
92553	2
92554	4
92555	3
92556	4
92557	1
92558	2
92559	9
92560	3
92561	2
92562	1
92563	2
92564	1
92565	1
92566	4
92567	3
92568	2
92570	4
92571	3
92572	1
92573	2
92574	1
92575	3
92576	2
92577	3
92578	4
92579	3
92580	2
92581	2
92582	1
92583	1
92584	5
92585	4
92586	1
92587	3
92588	3
92589	1
92590	2
92591	7
92592	3
92593	6
92594	3
92595	2
92596	1
92597	1
92598	3
92599	3
92600	1
92601	3
92602	1
92603	4
92605	3
92606	3
92607	1
92608	2
92609	3
92610	4
92611	2
92612	3
92613	2
92614	3
92615	4
92616	2
92617	2
92618	8
92619	1
92621	7
92622	3
92624	2
92625	4
92626	3
92627	2
92628	2
92629	1
92630	4
92631	1
92632	2
92633	4
92634	2
92636	3
92637	1
92638	5
92639	1
92640	4
92641	3
92642	5
92643	2
92644	1
92645	2
92646	2
92647	4
92648	3
92650	2
92651	3
92652	4
92653	4
92654	4
92655	3
92656	5
92657	2
92658	3
92659	6
92661	1
92663	1
92666	2
92667	1
92668	2
92669	6
92670	2
92671	2
92672	2
92673	3
92674	2
92675	2
92676	1
92677	1
92678	3
92679	1
92680	5
92681	2
92682	5
92683	1
92686	2
92687	3
92688	4
92689	2
92690	3
92691	4
92692	1
92694	1
92695	5
92696	6
92697	3
92698	4
92699	3
92700	5
92701	1
92702	4
92703	4
92704	1
92705	2
92706	1
92707	2
92708	2
92709	1
92710	1
92711	2
92712	2
92713	1
92714	3
92715	3
92716	4
92717	3
92718	5
92719	2
92720	4
92721	2
92722	4
92723	2
92724	2
92725	3
92727	4
92728	3
92729	2
92730	5
92731	4
92732	3
92733	1
92734	3
92735	2
92736	2
92737	1
92738	4
92740	1
92741	3
92742	1
92743	2
92744	5
92745	3
92746	1
92747	3
92748	6
92749	2
92750	2
92752	4
92753	2
92754	1
92755	1
92756	1
92757	4
92758	5
92759	1
92760	2
92761	9
92762	2
92763	1
92765	1
92766	7
92767	3
92768	4
92769	2
92770	2
92771	1
92772	1
92773	2
92774	3
92775	2
92776	3
92778	2
92779	3
92780	5
92782	1
92783	4
92784	5
92785	3
92786	4
92787	2
92788	6
92789	1
92790	2
92791	3
92792	2
92793	4
92794	3
92795	4
92796	4
92797	3
92798	2
92799	4
92800	9
92801	1
92803	4
92804	6
92805	3
92806	1
92807	1
92808	1
92809	1
92810	3
92811	2
92812	5
92814	2
92815	5
92816	2
92817	3
92819	5
92820	5
92821	2
92822	7
92823	1
92824	4
92825	1
92826	2
92827	4
92828	3
92829	2
92830	4
92831	1
92832	2
92833	2
92834	3
92835	2
92836	2
92837	2
92838	3
92839	1
92840	1
92841	1
92843	1
92844	4
92845	4
92846	1
92847	1
92848	4
92850	5
92851	2
92852	1
92853	1
92854	3
92855	2
92856	3
92857	1
92858	3
92859	1
92860	4
92861	4
92862	3
92863	2
92864	3
92865	2
92866	3
92867	5
92868	1
92869	6
92870	2
92871	1
92872	7
92873	2
92874	4
92875	1
92876	2
92877	3
92878	3
92879	1
92880	1
92881	4
92882	3
92883	4
92884	2
92885	4
92886	3
92887	3
92888	4
92889	4
92890	3
92891	2
92892	1
92893	1
92894	5
92896	4
92897	3
92898	9
92899	2
92900	1
92901	8
92902	4
92903	6
92904	2
92905	8
92906	3
92907	3
92908	3
92909	5
92910	3
92911	3
92912	3
92913	1
92915	5
92916	2
92917	5
92918	1
92919	5
92920	4
92921	3
92922	3
92923	4
92924	2
92925	3
92926	3
92927	3
92928	4
92929	1
92930	5
92931	4
92932	1
92933	4
92934	5
92935	5
92936	2
92937	8
92939	5
92940	1
92941	2
92942	2
92943	4
92944	1
92945	3
92946	4
92947	5
92948	1
92949	2
92950	5
92951	2
92952	2
92953	4
92954	3
92955	4
92956	2
92957	4
92958	3
92959	1
92960	4
92961	3
92962	2
92963	2
92964	4
92965	3
92966	2
92967	3
92968	6
92969	1
92970	6
92971	2
92972	5
92973	4
92974	1
92975	3
92976	3
92977	1
92978	4
92979	3
92980	1
92981	5
92982	2
92983	4
92984	2
92985	3
92986	3
92987	4
92988	2
92989	4
92990	3
92991	2
92992	5
92993	6
92994	3
92995	4
92996	3
92997	5
92998	6
92999	4
93000	2
93001	2
93002	2
93003	1
93004	1
93005	3
93006	1
93007	4
93008	1
93009	1
93010	4
93011	2
93012	4
93013	7
93014	5
93015	2
93016	1
93017	6
93018	4
93019	1
93020	5
93021	4
93022	3
93023	3
93024	2
93025	2
93026	1
93027	1
93029	2
93030	3
93031	4
93033	9
93034	3
93035	2
93036	1
93037	4
93038	3
93040	1
93041	5
93042	4
93043	2
93044	1
93045	1
93046	5
93047	7
93048	3
93050	2
93051	1
93052	2
93053	1
93054	4
93055	2
93056	2
93057	6
93058	2
93059	5
93060	4
93061	6
93062	2
93063	6
93064	3
93065	5
93066	5
93067	2
93068	3
93069	2
93070	6
93072	5
93073	3
93075	4
93076	2
93077	4
93078	1
93079	2
93080	4
93081	5
93082	1
93083	1
93084	2
93085	5
93087	5
93088	4
93089	6
93090	3
93091	4
93092	4
93093	3
93094	2
93095	5
93096	6
93097	5
93098	5
93099	2
93100	1
93101	6
93102	5
93103	2
93104	2
93105	3
93106	2
93107	7
93108	6
93109	5
93110	2
93111	2
93112	4
93113	4
93114	4
93115	3
93116	3
93117	2
93118	5
93119	5
93120	3
93121	5
93122	3
93123	4
93124	3
93125	5
93126	4
93128	1
93129	5
93130	4
93131	2
93132	5
93133	3
93135	5
93136	1
93137	1
93138	4
93139	3
93140	4
93141	3
93143	2
93144	1
93145	3
93146	8
93147	1
93148	1
93149	5
93150	1
93151	1
93152	6
93153	1
93154	2
93155	5
93156	4
93157	4
93158	1
93159	6
93160	6
93162	3
93163	1
93164	2
93165	4
93166	3
93167	6
93168	2
93169	5
93170	3
93172	3
93173	5
93174	3
93175	2
93176	2
93177	3
93178	2
93179	2
93180	3
93181	6
93182	3
93183	5
93184	2
93185	2
93186	2
93187	2
93188	4
93189	3
93190	3
93191	3
93192	2
93193	4
93194	3
93195	3
93196	3
93197	3
93198	2
93199	1
93200	4
93201	5
93202	3
93204	4
93205	5
93206	3
93207	2
93208	5
93209	4
93210	3
93211	2
93212	2
93214	1
93215	3
93216	4
93217	1
93219	1
93220	5
93221	2
93222	5
93223	2
93224	5
93225	5
93226	1
93227	2
93228	3
93229	2
93230	2
93231	3
93232	4
93233	3
93234	2
93235	2
93236	2
93238	1
93240	5
93241	1
93242	6
93243	5
93244	3
93245	3
93246	2
93247	6
93248	2
93249	2
93250	5
93251	2
93252	1
93253	5
93254	5
93255	2
93256	3
93257	2
93258	1
93259	2
93260	5
93261	3
93262	2
93263	1
93264	5
93265	3
93266	3
93267	2
93268	4
93269	3
93270	4
93271	4
93272	5
93273	2
93274	4
93275	3
93276	2
93277	5
93278	5
93279	1
93280	5
93281	4
93282	2
93283	1
93284	1
93285	2
93286	6
93287	1
93288	1
93289	2
93290	2
93291	3
93292	3
93293	2
93294	3
93295	6
93296	2
93297	5
93298	1
93299	2
93300	2
93301	7
93302	3
93303	3
93304	8
93305	1
93306	6
93307	3
93308	4
93309	4
93310	3
93311	2
93312	1
93313	3
93314	3
93315	3
93316	2
93318	1
93319	3
93320	5
93321	4
93322	6
93324	2
93325	4
93326	3
93327	2
93328	3
93329	1
93330	1
93331	6
93332	3
93333	2
93334	1
93335	2
93336	3
93337	3
93338	3
93339	3
93340	2
93341	3
93342	4
93343	2
93344	4
93345	3
93346	3
93347	3
93348	3
93349	8
93350	1
93351	1
93352	1
93353	4
93354	3
93355	1
93356	5
93357	6
93358	4
93359	2
93360	3
93361	4
93362	4
93364	1
93365	3
93366	3
93367	2
93368	3
93369	5
93370	3
93371	7
93372	3
93373	5
93374	3
93375	1
93376	2
93377	3
93378	3
93379	4
93380	2
93381	5
93382	5
93383	3
93384	5
93385	2
93386	4
93387	4
93388	2
93389	6
93390	5
93391	2
93392	3
93393	3
93394	7
93395	3
93396	2
93397	2
93398	3
93399	2
93400	2
93401	3
93402	4
93403	1
93404	4
93405	5
93406	5
93407	2
93408	3
93409	2
93410	2
93411	3
93412	2
93413	2
93414	3
93415	5
93416	3
93417	2
93418	6
93419	1
93420	5
93421	4
93422	4
93423	2
93424	2
93425	3
93426	3
93427	3
93428	3
93429	2
93430	1
93431	7
93432	3
93433	2
93434	2
93435	4
93436	2
93437	4
93438	5
93439	4
93440	4
93441	5
93442	2
93443	3
93444	4
93445	2
93446	4
93447	3
93448	3
93449	1
93450	1
93451	1
93452	4
93453	4
93454	9
93456	7
93457	2
93458	3
93459	6
93460	11
93461	2
93462	2
93463	3
93464	1
93465	4
93466	7
93467	4
93468	4
93469	3
93470	1
93471	1
93472	1
93473	4
93474	2
93475	11
93476	3
93477	3
93478	6
93479	1
93480	5
93481	11
93482	3
93483	4
93484	2
93485	5
93486	2
93487	4
93488	2
93490	3
93492	3
93493	2
93494	3
93495	1
93496	5
93497	4
93498	3
93499	3
93500	2
93501	3
93502	6
93504	3
93505	3
93506	3
93507	2
93508	5
93509	1
93510	4
93511	2
93512	2
93513	3
93514	3
93515	6
93516	2
93517	1
93518	5
93519	3
93520	3
93521	3
93522	4
93523	4
93524	5
93525	4
93526	2
93529	4
93530	4
93531	2
93532	2
93533	6
93534	3
93535	3
93536	2
93537	3
93538	1
93539	2
93540	4
93541	4
93542	4
93543	6
93544	3
93545	5
93546	2
93547	4
93548	3
93549	3
93550	2
93551	3
93552	3
93553	4
93554	2
93555	5
93556	5
93558	1
93559	5
93560	4
93561	4
93562	4
93563	2
93564	2
93565	4
93567	2
93568	2
93569	3
93570	3
93571	2
93572	4
93573	3
93574	2
93575	7
93576	3
93577	3
93578	5
93579	4
93580	2
93581	3
93582	1
93583	1
93584	4
93585	2
93586	7
93587	3
93588	3
93589	3
93590	2
93591	2
93592	3
93593	4
93594	1
93596	3
93597	2
93598	3
93600	2
93601	3
93602	4
93603	6
93605	4
93607	3
93608	2
93609	3
93610	5
93611	3
93612	4
93613	4
93614	3
93615	3
93616	6
93617	3
93618	3
93619	3
93620	6
93621	1
93622	3
93623	2
93624	4
93625	3
93626	2
93627	2
93628	4
93629	2
93630	2
93631	2
93632	3
93633	1
93634	2
93635	4
93636	3
93637	1
93638	4
93639	3
93640	4
93641	2
93642	4
93643	2
93644	5
93645	5
93646	1
93647	3
93650	3
93651	9
93652	4
93654	3
93655	5
93656	3
93657	2
93658	2
93659	4
93660	3
93661	2
93662	1
93663	3
93664	2
93665	5
93666	1
93667	5
93668	2
93669	4
93670	4
93671	2
93672	5
93673	3
93674	4
93675	2
93676	1
93677	1
93678	5
93679	5
93680	6
93681	4
93682	3
93683	5
93684	10
93685	7
93686	4
93687	5
93688	2
93689	2
93690	4
93691	2
93692	6
93693	2
93694	6
93695	2
93696	2
93697	4
93698	6
93699	1
93700	4
93701	1
93702	3
93703	4
93704	4
93705	3
93706	7
93707	2
93708	4
93709	2
93710	5
93711	4
93712	7
93713	3
93714	2
93715	6
93716	5
93717	3
93718	2
93719	5
93720	5
93721	2
93722	3
93723	7
93724	2
93725	3
93726	3
93727	2
93728	3
93729	2
93730	2
93731	5
93732	4
93733	1
93734	4
93735	2
93736	4
93737	2
93738	3
93739	3
93740	2
93741	3
93742	4
93743	4
93744	3
93745	3
93746	5
93747	3
93748	5
93749	4
93750	4
93751	3
93752	5
93753	1
93755	3
93756	7
93757	4
93758	3
93759	3
93760	3
93762	2
93763	1
93765	2
93766	3
93767	4
93768	4
93769	5
93770	2
93771	2
93772	6
93773	1
93774	7
93775	3
93776	2
93777	4
93779	3
93780	2
93781	2
93782	8
93783	2
93784	5
93785	2
93786	7
93787	2
93788	3
93789	5
93790	4
93791	2
93792	1
93793	2
93794	3
93795	2
93796	3
93797	2
93798	1
93799	1
93800	3
93801	3
93802	4
93803	8
93804	3
93805	1
93806	3
93807	2
93808	2
93809	2
93810	3
93811	4
93812	5
93813	4
93814	3
93815	2
93816	7
93817	4
93818	5
93819	3
93820	5
93821	1
93822	4
93824	5
93825	1
93826	3
93828	7
93829	6
93831	1
93832	2
93833	3
93834	1
93835	4
93836	1
93837	2
93838	4
93839	6
93840	3
93841	4
93842	2
93843	3
93844	2
93845	2
93846	5
93847	3
93848	1
93849	5
93850	3
93851	5
93852	5
93853	6
93854	2
93855	5
93856	4
93858	3
93859	6
93860	5
93861	2
93862	6
93863	5
93864	1
93865	3
93866	4
93867	4
93868	4
93869	2
93871	4
93873	4
93874	2
93875	2
93876	2
93877	2
93878	4
93879	3
93880	4
93881	4
93882	5
93883	3
93884	4
93885	2
93886	2
93887	4
93888	5
93890	4
93891	3
93892	1
93893	3
93894	1
93895	2
93896	4
93897	3
93898	1
93899	2
93900	4
93901	3
93902	7
93903	4
93904	3
93905	3
93906	6
93907	3
93909	4
93910	3
93911	1
93912	2
93913	2
93914	2
93915	3
93916	4
93917	5
93918	3
93919	5
93920	4
93921	4
93922	2
93923	4
93924	2
93925	1
93926	2
93927	3
93928	3
93929	6
93930	3
93931	4
93932	1
93933	2
93934	2
93935	4
93936	4
93937	4
93938	3
93939	5
93940	3
93941	1
93942	3
93943	3
93944	3
93945	3
93946	4
93947	4
93948	1
93949	2
93950	1
93951	1
93953	2
93954	2
93955	2
93956	3
93957	2
93958	2
93959	4
93960	5
93961	3
93962	4
93963	4
93964	3
93965	2
93966	7
93967	4
93969	3
93970	6
93971	1
93972	3
93973	1
93974	7
93975	3
93976	8
93978	5
93979	3
93981	5
93982	4
93983	3
93984	3
93985	3
93986	4
93988	7
93989	1
93990	1
93991	3
93992	2
93993	3
93994	6
93995	5
93996	2
93997	1
93998	1
93999	2
94000	5
94001	4
94003	4
94004	2
94005	1
94006	3
94007	3
94008	4
94009	3
94010	2
94011	1
94012	5
94013	6
94014	2
94015	5
94016	4
94017	1
94018	3
94019	5
94020	3
94022	2
94023	3
94024	4
94025	3
94026	1
94027	2
94028	4
94029	5
94030	1
94031	1
94032	3
94033	3
94034	2
94035	1
94036	3
94037	3
94038	2
94039	4
94040	6
94041	3
94042	3
94043	2
94044	9
94045	5
94046	6
94047	5
94048	5
94049	2
94050	3
94051	3
94052	1
94053	3
94054	8
94055	4
94056	1
94057	6
94058	5
94059	2
94061	2
94062	4
94063	3
94064	1
94065	1
94066	2
94067	1
94068	4
94069	2
94070	1
94071	2
94072	1
94073	3
94074	4
94075	3
94076	5
94077	4
94078	3
94079	3
94080	2
94081	4
94082	2
94083	1
94084	1
94085	3
94086	3
94087	1
94088	4
94089	1
94090	2
94091	2
94092	3
94093	4
94094	2
94095	1
94096	5
94097	3
94098	1
94099	3
94100	3
94101	1
94102	2
94103	2
94104	1
94105	2
94106	2
94107	2
94108	2
94109	5
94110	4
94111	2
94112	5
94113	2
94115	4
94116	4
94117	1
94118	5
94119	2
94120	5
94121	2
94122	7
94123	2
94124	3
94125	6
94126	5
94127	4
94128	5
94129	4
94130	4
94131	4
94132	2
94133	4
94134	2
94135	3
94136	2
94137	4
94138	2
94139	5
94140	2
94141	2
94142	4
94143	3
94144	3
94145	2
94146	2
94147	2
94148	3
94149	5
94150	3
94151	1
94152	3
94153	3
94154	3
94155	1
94156	7
94157	2
94158	6
94159	6
94160	6
94161	1
94162	6
94163	3
94164	6
94165	1
94166	3
94168	2
94169	5
94170	4
94171	8
94172	1
94173	5
94174	7
94175	1
94176	2
94177	4
94178	3
94179	4
94180	4
94181	2
94182	1
94184	2
94185	1
94186	3
94187	5
94188	4
94189	1
94190	1
94191	4
94192	1
94193	3
94194	6
94195	3
94196	3
94197	3
94198	4
94200	2
94202	4
94203	2
94204	3
94205	3
94206	4
94207	1
94208	1
94209	2
94210	2
94211	5
94212	2
94213	4
94215	6
94217	3
94218	5
94219	2
94220	2
94221	1
94222	5
94223	1
94224	3
94225	2
94226	4
94227	3
94228	3
94229	2
94230	5
94231	2
94232	2
94233	3
94234	3
94235	3
94236	3
94238	4
94239	2
94240	5
94242	5
94243	1
94244	2
94245	1
94246	1
94247	2
94248	2
94249	1
94250	5
94251	1
94252	3
94253	1
94254	1
94255	2
94256	2
94257	3
94258	5
94259	1
94262	4
94263	3
94264	6
94265	5
94266	1
94267	3
94268	2
94269	2
94270	2
94272	1
94273	3
94274	4
94275	2
94276	2
94277	3
94278	2
94279	3
94281	1
94282	4
94283	1
94284	4
94288	2
94289	3
94290	2
94291	2
94292	2
94293	6
94294	3
94295	6
94296	4
94297	6
94298	2
94299	4
94300	2
94301	3
94302	3
94303	4
94304	2
94305	5
94306	4
94307	2
94308	2
94309	3
94310	5
94311	4
94313	1
94314	3
94315	3
94316	6
94317	3
94318	4
94319	4
94320	4
94321	2
94322	3
94323	1
94324	2
94325	2
94326	2
94327	2
94328	7
94329	3
94330	1
94331	2
94332	5
94333	1
94334	3
94335	5
94336	1
94337	4
94339	6
94340	2
94341	4
94342	5
94343	2
94344	3
94345	1
94346	1
94347	4
94348	3
94349	1
94350	3
94351	1
94352	3
94353	2
94354	5
94355	3
94356	2
94357	2
94359	1
94360	1
94361	2
94362	3
94363	2
94364	3
94365	2
94366	3
94367	1
94368	3
94369	2
94370	1
94371	1
94372	2
94373	2
94374	2
94375	4
94377	4
94378	2
94379	1
94380	4
94382	2
94383	3
94384	4
94385	4
94386	1
94387	2
94388	1
94389	1
94390	3
94391	2
94392	3
94393	3
94394	1
94396	1
94397	3
94400	2
94401	4
94402	2
94403	4
94404	5
94405	2
94406	2
94408	5
94409	6
94410	2
94411	4
94412	5
94413	4
94414	1
94416	5
94417	2
94418	1
94419	3
94420	1
94421	3
94422	1
94423	3
94424	2
94425	5
94426	3
94427	5
94428	3
94429	3
94430	1
94431	2
94432	2
94433	1
94434	5
94435	3
94436	3
94437	2
94438	2
94439	3
94440	2
94441	1
94442	4
94443	3
94444	3
94445	5
94446	3
94447	2
94448	2
94449	1
94450	3
94451	1
94453	2
94454	2
94455	2
94456	2
94457	1
94458	1
94460	1
94461	3
94462	3
94463	3
94464	4
94465	4
94466	3
94467	1
94468	5
94469	2
94471	4
94472	2
94473	1
94474	3
94475	2
94476	1
94477	5
94478	1
94479	2
94481	1
94482	2
94483	2
94485	1
94486	3
94487	1
94488	4
94489	3
94490	4
94491	3
94492	2
94493	3
94494	2
94495	2
94496	1
94497	6
94498	2
94499	2
94500	2
94501	1
94502	2
94503	1
94504	4
94505	4
94506	1
94507	2
94508	1
94509	2
94510	3
94511	4
94515	1
94516	3
94517	5
94518	2
94519	2
94520	1
94521	2
94522	1
94523	4
94524	5
94525	2
94526	2
94527	1
94528	1
94530	1
94531	6
94532	4
94533	2
94534	4
94535	1
94536	5
94537	2
94538	3
94539	3
94540	5
94541	3
94542	3
94544	3
94545	2
94547	1
94548	3
94549	2
94550	2
94551	3
94552	2
94553	1
94554	3
94555	3
94556	1
94557	3
94558	2
94559	5
94561	1
94562	2
94563	4
94564	1
94565	4
94567	3
94568	2
94570	1
94571	3
94572	4
94573	5
94576	1
94577	1
94578	4
94579	1
94580	3
94581	3
94582	3
94583	3
94584	3
94585	1
94586	3
94587	3
94588	1
94589	1
94590	1
94591	1
94592	1
94594	5
94595	1
94596	6
94597	1
94598	2
94599	1
94600	3
94601	1
94603	2
94604	2
94606	4
94607	2
94608	1
94610	2
94611	3
94612	2
94613	2
94614	2
94615	1
94617	4
94619	3
94620	2
94621	1
94622	1
94623	3
94625	1
94626	5
94627	2
94628	3
94629	1
94630	1
94631	4
94632	3
94633	3
94634	3
94635	4
94636	4
94638	2
94639	1
94640	5
94641	2
94642	4
94643	1
94644	3
94645	2
94646	2
94647	3
94648	2
94649	4
94650	2
94651	3
94652	1
94653	3
94654	2
94655	3
94656	2
94658	1
94659	2
94660	2
94661	3
94662	1
94664	2
94665	7
94666	1
94667	3
94668	1
94669	3
94670	3
94671	2
94672	1
94673	6
94674	4
94676	1
94677	2
94678	1
94679	2
94680	1
94681	2
94682	2
94683	3
94684	2
94685	4
94686	1
94687	4
94688	3
94689	1
94690	2
94691	1
94692	5
94693	1
94694	3
94695	1
94696	1
94697	1
94699	3
94701	4
94702	3
94703	7
94704	4
94706	1
94707	1
94708	3
94709	4
94710	3
94711	2
94712	2
94713	2
94714	3
94715	2
94716	3
94717	5
94719	3
94720	1
94721	2
94722	2
94723	1
94724	2
94725	1
94726	1
94727	2
94728	2
94729	6
94730	1
94731	1
94733	1
94734	3
94735	2
94736	3
94737	1
94738	3
94739	4
94740	1
94741	3
94742	2
94743	5
94744	2
94745	3
94746	3
94747	1
94748	2
94749	4
94751	1
94754	2
94755	4
94756	3
94757	3
94758	3
94759	3
94760	3
94761	1
94762	2
94763	7
94764	1
94765	2
94766	1
94767	2
94770	1
94771	2
94772	1
94774	1
94775	3
94776	4
94777	2
94779	1
94780	2
94781	2
94782	3
94784	2
94786	1
94788	5
94790	2
94791	2
94792	1
94793	3
94794	2
94795	1
94796	3
94798	3
94800	2
94801	3
94802	4
94803	1
94804	2
94805	3
94806	6
94807	4
94809	2
94810	1
94811	4
94812	1
94813	2
94815	1
94817	1
94818	2
94820	1
94821	1
94822	1
94823	2
94824	1
94825	1
94826	3
94827	1
94828	3
94829	1
94830	3
94831	4
94832	1
94833	2
94837	1
94838	4
94839	2
94840	2
94841	2
94843	2
94844	2
94845	1
94846	4
94847	2
94848	3
94849	2
94850	2
94851	1
94852	3
94853	3
94854	3
94855	1
94856	3
94857	4
94858	4
94860	2
94862	1
94864	3
94865	2
94866	5
94867	2
94868	1
94869	1
94870	2
94871	3
94872	5
94874	1
94875	2
94876	1
94879	2
94880	2
94881	2
94882	1
94883	3
94884	1
94886	2
94889	3
94890	1
94891	2
94892	2
94893	2
94895	3
94896	1
94897	1
94901	2
94902	1
94903	2
94904	1
94905	7
94906	1
94907	1
94908	1
94910	1
94911	3
94912	3
94913	2
94914	1
94915	6
94916	4
94917	2
94918	2
94921	2
94922	1
94923	2
94924	1
94925	2
94926	5
94927	1
94930	2
94931	2
94932	2
94933	1
94934	1
94935	1
94936	3
94937	1
94939	2
94940	4
94942	1
94943	1
94944	1
94946	3
94947	1
94948	1
94949	2
94950	1
94951	2
94952	2
94953	1
94955	2
94957	3
94959	1
94960	1
94961	2
94962	1
94963	2
94965	2
94966	1
94967	1
94969	4
94970	1
94971	1
94972	2
94973	3
94974	2
94975	2
94976	1
94977	2
94978	5
94979	1
94980	1
94981	1
94982	3
94983	3
94984	2
94985	5
94986	2
94987	3
94989	1
94990	1
94995	2
94998	3
95001	1
95003	5
95005	1
95006	2
95007	1
95011	3
95012	4
95014	2
95015	3
95016	2
95017	2
95018	1
95020	1
95021	1
95022	3
95023	4
95025	1
95027	2
95028	1
95030	1
95031	3
95033	2
95034	1
95035	1
95036	4
95037	2
95038	2
95039	2
95040	3
95041	1
95042	2
95043	1
95044	2
95046	3
95047	2
95048	2
95049	2
95051	2
95052	2
95053	6
95054	2
95055	3
95057	1
95060	2
95061	2
95062	1
95064	2
95065	1
95066	1
95067	2
95071	1
95072	4
95073	3
95074	1
95075	3
95076	3
95077	3
95078	2
95079	1
95082	2
95083	1
95084	1
95086	1
95087	1
95089	3
95090	3
95091	1
95092	2
95094	2
95097	3
95098	1
95100	1
95101	1
95102	1
95103	1
95105	1
95107	2
95109	1
95110	1
95111	2
95112	1
95113	1
95115	1
95117	3
95119	1
95120	4
95121	2
95122	1
95123	1
95125	2
95126	2
95127	2
95128	1
95129	1
95130	2
95131	1
95132	4
95133	1
95134	4
95135	1
95136	2
95137	2
95138	3
95140	3
95142	3
95143	2
95144	2
95145	1
95146	1
95147	3
95149	2
95150	1
95151	1
95153	1
95156	2
95157	2
95158	2
95159	1
95161	1
95162	2
95165	1
95166	2
95168	2
95169	2
95170	2
95171	2
95173	1
95174	3
95176	1
95177	4
95180	1
95181	1
95187	1
95188	2
95189	2
95190	3
95191	1
95193	1
95194	3
95196	1
95198	1
95200	2
95201	2
95202	1
95203	1
95206	1
95207	3
95208	5
95209	1
95210	2
95211	1
95212	1
95214	1
95216	1
95217	1
95218	3
95222	1
95223	2
95227	5
95229	2
95230	1
95233	2
95236	1
95237	1
95239	2
95240	1
95241	1
95242	2
95243	1
95245	2
95247	1
95249	1
95250	4
95251	1
95252	2
95254	5
95255	6
95257	1
95259	1
95260	1
95261	2
95263	1
95264	3
95265	2
95267	2
95270	3
95271	2
95272	1
95273	1
95275	1
95276	2
95277	4
95280	3
95281	1
95282	1
95283	1
95285	1
95286	1
95289	3
95290	1
95292	1
95293	3
95295	2
95298	2
95301	2
95302	1
95303	2
95304	1
95305	2
95306	1
95307	1
95309	1
95310	1
95311	1
95313	1
95314	3
95315	1
95319	1
95321	4
95322	1
95324	3
95325	2
95328	2
95330	1
95332	1
95333	3
95334	2
95335	1
95336	3
95337	2
95338	2
95339	1
95340	1
95341	1
95343	3
95345	1
95346	1
95348	1
95350	2
95351	3
95352	1
95353	1
95354	3
95355	4
95356	1
95358	2
95361	2
95362	1
95363	1
95366	1
95367	4
95368	2
95369	2
95375	1
95378	1
95382	1
95385	1
95386	2
95387	1
95388	1
95389	1
95390	2
95391	1
95392	2
95393	3
95394	1
95395	1
95396	2
95399	2
95402	1
95403	2
95406	1
95408	1
95409	1
95413	1
95415	3
95418	1
95420	1
95423	1
95424	1
95427	2
95428	2
95429	1
95430	1
95432	1
95435	2
95436	2
95440	2
95443	2
95444	2
95446	1
95448	1
95449	3
95450	1
95451	1
95453	1
95454	1
95455	3
95456	2
95458	3
95460	2
95461	3
95462	1
95465	2
95466	1
95467	1
95468	2
95469	1
95471	2
95474	1
95475	2
95477	2
95478	1
95479	2
95483	1
95484	1
95486	1
95487	2
95488	1
95489	1
95490	1
95491	1
95493	1
95494	1
95496	2
95499	1
95501	2
95503	1
95504	1
95506	1
95508	2
95509	1
95510	1
95511	1
95512	2
95513	1
95514	1
95515	3
95517	1
95518	1
95519	2
95520	1
95521	2
95522	1
95523	1
95525	1
95526	1
95527	1
95530	1
95531	1
95533	1
95534	1
95536	1
95537	1
95540	2
95541	1
95542	2
95545	2
95546	1
95547	1
95549	1
95551	1
95553	1
95555	1
95557	1
95558	1
95560	2
95561	2
95563	1
95564	1
95565	2
95566	1
95568	2
95569	1
95570	1
95572	1
95573	1
95574	1
95576	1
95578	2
95579	1
95583	2
95586	1
95589	1
95590	1
95591	1
95592	2
95596	1
95597	1
95598	1
95599	1
95601	1
95607	1
95609	1
95610	1
95611	1
95614	1
95615	3
95616	1
95617	3
95621	1
95622	1
95623	1
95625	1
95627	3
95629	1
95633	1
95634	2
95637	2
95639	1
95640	2
95642	1
95643	1
95644	1
95647	1
95648	3
95650	1
95652	1
95653	1
95660	1
95662	2
95664	1
95665	1
95666	1
95667	1
95668	1
95671	2
95674	1
95675	2
95678	1
95680	1
95681	1
95683	1
95685	1
95687	1
95689	1
95691	1
95692	1
95695	1
95696	3
95698	1
95701	2
95702	1
95703	1
95704	1
95707	1
95709	1
95711	1
95713	1
95715	3
95716	1
95722	2
95728	1
95729	3
95731	5
95733	1
95734	1
95736	2
95738	1
95739	1
95742	2
95743	1
95744	1
95746	2
95754	1
95755	1
95756	3
95762	1
95772	1
95773	1
95774	1
95775	1
95776	1
95778	1
95780	1
95783	1
95784	1
95788	1
95789	2
95791	1
95793	2
95794	2
95797	1
95798	1
95800	1
95802	1
95808	2
95809	1
95810	1
95811	1
95814	1
95816	1
95817	1
95821	1
95823	1
95824	2
95832	1
95834	2
95835	1
95838	2
95839	1
95844	1
95845	2
95846	1
95847	1
95848	1
95850	1
95851	1
95853	3
95854	1
95860	2
95862	1
95865	1
95867	1
95874	1
95875	1
95876	1
95878	1
95879	1
95881	1
95882	1
95883	1
95886	1
95888	1
95889	1
95890	2
95894	2
95897	2
95898	1
95899	1
95907	2
95915	1
95916	1
95921	2
95922	1
95924	1
95925	1
95927	1
95928	2
95929	1
95931	2
95932	1
95935	1
95936	1
95939	1
95940	1
95943	2
95948	1
95954	1
95955	1
95959	3
95960	2
95964	1
95965	1
95966	1
95969	1
95970	1
95971	1
95975	1
95977	1
95978	2
95980	1
95981	1
95982	1
95984	2
95985	1
95987	1
95988	1
95990	1
95991	1
95992	1
95993	1
95996	1
95999	2
96003	2
96006	2
96007	1
96013	1
96015	1
96016	2
96017	2
96018	1
96025	2
96026	1
96027	1
96028	2
96030	1
96032	1
96035	2
96038	1
96040	1
96041	1
96042	1
96043	1
96047	1
96051	2
96054	1
96055	1
96062	1
96065	1
96068	1
96070	3
96073	2
96076	2
96079	1
96083	1
96086	2
96088	1
96090	1
96094	2
96095	1
96096	1
96109	1
96112	1
96119	1
96125	1
96128	1
96131	1
96132	1
96133	1
96136	1
96140	1
96141	1
96145	1
96146	1
96148	1
96149	1
96151	1
96154	1
96157	1
96159	1
96160	1
96164	1
96173	3
96174	1
96178	1
96179	1
96182	1
96183	1
96184	1
96188	1
96192	1
96193	1
96198	1
96199	1
96202	1
96214	1
96222	2
96225	1
96226	1
96237	1
96240	1
96245	1
96250	3
96251	1
96261	1
96281	2
96284	1
96286	1
96294	1
96297	1
96307	1
96312	1
96323	1
96331	1
96335	1
96345	1
96346	1
96347	1
96349	1
96351	1
96361	2
96362	1
96368	1
96370	1
96374	1
96377	1
96382	1
96388	1
96395	1
96401	1
96404	1
96410	1
96426	1
96428	1
96433	1
96434	1
96438	1
96440	1
96447	1
96450	1
96460	1
96461	1
96464	1
96468	1
96469	2
96472	1
96475	1
96479	1
96492	1
96510	2
96515	1
96518	1
96520	1
96521	1
96524	1
96538	1
96550	1
96553	1
96554	1
96560	1
96561	1
96562	1
96564	1
96573	1
96576	1
96578	1
96580	1
96611	1
96613	1
96630	1
96632	1
96633	1
96641	1
96647	1
96652	1
96659	2
96663	1
96666	1
96671	1
96673	1
96677	1
96688	1
96708	1
96715	1
96730	1
96739	1
96741	1
96747	1
96768	1
96771	1
96785	1
96801	1
96804	1
96808	1
96815	1
96817	1
96822	1
96832	1
96835	1
96840	1
96860	1
96867	1
96869	1
96884	1
96918	1
96934	1
96941	1
96943	1
96947	1
96992	1
97058	1
97060	1
97066	1
97068	1
97098	1
97104	1
97109	1
97110	1
97116	1
97139	1
97170	1
97211	1
97212	1
97218	1
97237	1
97277	1
97286	1
97326	1
97343	1
97366	1
97469	1
97477	1
97552	1
97618	1
97627	1
97874	1
98354	1
98529	1
