360440	1
361851	1
362539	1
362817	1
362854	1
363089	1
363128	1
363571	1
363725	1
363957	1
363973	1
364088	1
364194	1
364199	1
364272	1
364483	1
364509	1
364672	1
364719	1
364730	1
364855	1
364959	1
364985	1
365038	1
365097	1
365151	1
365187	1
365216	1
365232	1
365519	1
365541	1
365586	1
365595	1
365604	1
365662	1
365663	1
365676	1
365691	1
365726	1
365781	1
365804	1
365812	1
365818	1
365852	1
365889	1
365905	1
365911	1
365952	1
365953	1
365954	1
366001	1
366004	1
366016	1
366031	1
366056	1
366068	1
366091	1
366139	1
366191	1
366210	1
366211	1
366215	1
366226	1
366243	1
366274	1
366310	1
366312	1
366359	1
366379	1
366385	1
366388	1
366405	1
366445	1
366461	1
366462	1
366463	1
366477	1
366486	1
366487	1
366498	1
366538	1
366545	1
366564	1
366566	1
366574	1
366585	1
366597	1
366607	1
366655	1
366682	1
366708	1
366724	1
366732	1
366790	1
366814	1
366845	1
366881	1
366886	1
366904	1
366918	1
366928	1
366937	1
366955	1
366956	1
366965	1
366978	1
366995	1
367036	1
367057	1
367065	1
367075	1
367078	1
367082	2
367096	1
367101	1
367118	1
367131	1
367141	1
367150	1
367175	1
367185	2
367193	1
367203	1
367205	1
367213	1
367218	1
367225	1
367241	1
367272	1
367273	1
367299	1
367305	1
367308	1
367315	1
367324	1
367350	1
367405	1
367414	1
367430	1
367435	1
367443	1
367453	1
367464	1
367468	1
367477	1
367485	1
367500	1
367505	2
367557	1
367572	1
367613	1
367620	1
367621	1
367624	2
367658	1
367676	1
367677	1
367686	1
367689	1
367714	1
367715	1
367722	1
367729	1
367732	1
367738	1
367744	1
367750	2
367759	1
367765	1
367769	1
367791	2
367832	1
367842	1
367843	1
367849	1
367859	1
367862	1
367884	1
367885	1
367888	1
367896	1
367908	1
367913	1
367923	1
367926	1
367939	1
367942	1
367957	1
367962	2
367963	1
367980	1
367999	1
368007	1
368037	1
368040	1
368052	1
368056	2
368071	1
368080	1
368099	1
368101	1
368119	1
368120	1
368121	1
368122	1
368133	1
368137	1
368151	1
368158	1
368159	1
368161	1
368173	1
368189	1
368198	1
368214	1
368215	2
368224	1
368258	1
368263	1
368275	1
368277	1
368283	1
368297	2
368320	1
368331	1
368338	1
368368	1
368369	1
368370	1
368377	1
368385	1
368390	1
368399	1
368403	1
368410	1
368421	1
368426	1
368430	1
368433	1
368446	1
368453	2
368456	1
368463	1
368465	2
368467	1
368471	1
368480	2
368484	1
368498	1
368527	1
368532	1
368533	1
368537	1
368538	1
368542	1
368562	1
368571	1
368577	1
368584	1
368585	1
368593	1
368610	1
368620	1
368624	1
368635	1
368645	1
368651	1
368657	1
368663	1
368671	1
368673	1
368682	1
368683	2
368690	2
368699	1
368723	2
368729	1
368731	1
368733	1
368736	1
368742	1
368748	1
368763	1
368768	1
368774	1
368778	1
368780	1
368792	1
368802	1
368814	1
368816	1
368817	1
368821	1
368823	1
368831	1
368832	1
368833	1
368841	1
368844	1
368849	1
368856	1
368860	1
368861	1
368867	1
368881	1
368889	2
368898	2
368899	1
368906	1
368916	1
368917	1
368924	2
368935	1
368939	1
368946	1
368947	1
368948	1
368955	1
368966	1
368974	1
368977	1
368987	1
368992	2
369003	1
369004	1
369006	1
369008	1
369013	1
369016	1
369017	1
369020	1
369024	1
369041	1
369054	1
369063	1
369067	1
369069	1
369074	1
369076	1
369091	1
369103	2
369107	1
369113	1
369116	1
369121	1
369122	1
369124	1
369125	1
369128	1
369129	1
369132	2
369147	1
369154	1
369158	1
369165	1
369166	1
369167	1
369171	1
369176	1
369183	1
369192	1
369197	1
369199	1
369209	1
369228	1
369237	2
369242	1
369257	1
369258	1
369268	1
369279	1
369281	2
369283	1
369284	1
369291	1
369292	1
369305	1
369306	1
369309	1
369311	1
369312	1
369315	1
369326	1
369330	2
369333	1
369337	1
369338	1
369342	1
369343	1
369344	2
369347	1
369348	1
369352	1
369354	1
369356	1
369360	1
369365	1
369366	1
369367	1
369370	1
369388	1
369393	1
369394	2
369398	1
369403	1
369410	1
369415	1
369424	1
369433	1
369441	1
369444	1
369445	2
369449	1
369455	1
369457	2
369458	1
369461	1
369466	1
369469	1
369481	2
369486	1
369492	1
369493	1
369497	2
369500	1
369506	1
369511	1
369513	1
369515	1
369516	1
369520	1
369527	1
369533	1
369534	1
369537	1
369545	1
369557	1
369563	2
369567	2
369570	1
369574	1
369582	1
369583	1
369584	1
369593	1
369598	1
369604	1
369613	1
369617	1
369618	3
369619	1
369621	1
369622	1
369625	1
369636	1
369640	1
369647	1
369650	2
369655	1
369661	1
369662	1
369665	1
369667	1
369672	1
369675	1
369677	1
369683	2
369692	2
369699	1
369710	1
369725	2
369733	1
369737	1
369741	1
369744	1
369750	1
369752	1
369755	1
369760	1
369761	1
369766	1
369767	1
369769	1
369771	1
369775	1
369777	1
369778	1
369779	1
369781	1
369789	1
369790	1
369799	1
369803	1
369806	2
369807	1
369808	1
369810	2
369812	1
369824	1
369828	1
369833	1
369834	1
369835	1
369838	1
369839	1
369845	2
369851	1
369852	1
369857	1
369863	1
369866	1
369872	1
369875	1
369879	1
369882	1
369885	2
369889	1
369890	1
369892	1
369896	1
369898	2
369900	1
369902	1
369915	1
369917	1
369919	1
369925	1
369930	1
369931	1
369932	1
369936	1
369939	1
369943	1
369947	2
369948	1
369949	1
369952	3
369953	1
369956	1
369961	1
369963	1
369969	1
369970	1
369971	1
369973	1
369974	1
369977	1
369978	1
369986	2
369991	1
369993	1
369994	1
369995	1
370001	3
370002	1
370004	2
370007	1
370008	1
370013	1
370015	1
370022	1
370025	2
370027	1
370032	2
370036	1
370037	1
370039	2
370048	1
370052	1
370053	1
370054	1
370062	1
370063	2
370067	1
370072	1
370075	1
370078	1
370082	1
370086	1
370087	1
370094	1
370098	2
370102	1
370104	1
370105	2
370107	1
370109	1
370112	1
370114	1
370118	1
370124	1
370125	1
370126	1
370127	1
370128	1
370129	2
370137	1
370139	1
370140	1
370148	1
370149	1
370152	1
370158	1
370163	1
370165	1
370169	2
370170	1
370173	2
370177	1
370179	1
370184	1
370185	1
370190	1
370191	1
370194	1
370199	1
370201	1
370204	1
370205	1
370212	1
370215	1
370218	2
370221	3
370224	1
370226	1
370227	1
370232	1
370236	1
370240	1
370241	1
370246	2
370254	1
370257	2
370259	1
370268	3
370272	1
370274	2
370275	1
370278	1
370280	1
370281	1
370282	1
370285	1
370288	2
370291	1
370297	1
370298	1
370301	2
370303	2
370311	1
370315	1
370316	1
370317	2
370320	1
370321	1
370322	1
370325	2
370335	1
370338	1
370344	1
370346	2
370348	1
370351	1
370352	1
370355	3
370358	1
370359	1
370362	1
370370	1
370373	2
370379	1
370381	1
370383	1
370385	2
370387	1
370391	1
370393	1
370395	2
370404	2
370410	1
370413	1
370418	1
370421	1
370422	1
370426	1
370429	2
370432	1
370438	3
370442	1
370444	1
370445	1
370452	1
370456	1
370457	1
370458	3
370465	1
370466	2
370469	1
370470	1
370473	1
370474	1
370479	1
370480	1
370483	1
370484	1
370485	1
370486	1
370487	1
370489	1
370490	1
370491	1
370492	2
370497	1
370499	2
370503	3
370505	2
370509	1
370512	1
370519	1
370520	2
370521	1
370523	2
370524	1
370525	1
370529	1
370530	1
370531	1
370532	1
370535	1
370547	1
370559	1
370563	1
370565	1
370567	3
370570	1
370571	1
370580	1
370582	1
370584	1
370588	1
370590	1
370594	1
370595	2
370596	2
370597	2
370598	1
370599	2
370601	1
370603	1
370606	1
370607	1
370608	1
370609	1
370610	1
370612	1
370615	1
370617	1
370618	1
370619	1
370620	2
370621	1
370622	2
370623	2
370624	2
370626	1
370629	1
370630	1
370633	1
370641	1
370644	1
370645	2
370650	1
370654	1
370656	1
370662	1
370664	1
370665	1
370669	1
370673	1
370677	2
370682	2
370684	1
370687	2
370692	1
370694	1
370696	1
370698	1
370706	1
370707	1
370712	1
370719	1
370720	1
370722	1
370727	1
370730	2
370732	1
370743	2
370745	2
370749	1
370753	1
370755	1
370762	1
370763	1
370765	1
370774	1
370779	1
370785	2
370786	1
370788	1
370791	1
370792	1
370797	1
370798	1
370801	1
370802	1
370804	1
370805	1
370806	1
370815	2
370817	1
370818	1
370819	1
370820	1
370822	3
370824	1
370829	3
370833	1
370834	1
370837	1
370840	2
370842	1
370843	1
370847	1
370850	1
370851	1
370852	1
370853	1
370855	1
370856	2
370858	1
370860	1
370861	2
370863	2
370864	1
370865	1
370867	1
370868	1
370879	1
370880	1
370882	2
370886	2
370887	1
370889	3
370897	1
370898	1
370899	1
370900	1
370901	1
370903	1
370908	1
370909	2
370910	1
370914	1
370918	1
370925	1
370928	1
370929	1
370930	1
370933	2
370934	1
370938	1
370939	1
370941	1
370943	1
370944	1
370948	2
370949	1
370952	1
370953	1
370955	1
370965	1
370968	1
370971	1
370973	1
370974	1
370979	1
370980	2
370981	1
370984	1
370986	1
370990	1
370994	1
370996	1
370997	2
371000	2
371001	1
371002	1
371004	2
371006	1
371009	2
371015	1
371018	2
371027	1
371030	1
371031	3
371033	1
371035	2
371038	1
371039	2
371040	1
371041	1
371043	1
371045	1
371046	1
371053	1
371056	1
371057	1
371065	2
371069	1
371072	2
371077	1
371079	1
371080	3
371081	1
371082	1
371083	1
371084	2
371085	1
371087	1
371088	2
371089	3
371092	2
371095	1
371096	1
371100	2
371101	1
371102	1
371103	1
371105	1
371106	1
371108	1
371109	1
371112	1
371113	2
371116	1
371121	1
371122	1
371123	1
371124	2
371132	1
371135	1
371140	1
371141	1
371142	1
371144	1
371145	1
371148	1
371150	1
371154	1
371155	1
371156	2
371159	2
371161	1
371162	1
371163	1
371164	1
371165	1
371167	1
371169	2
371171	1
371175	4
371181	1
371183	1
371190	1
371194	2
371195	2
371196	2
371200	1
371201	1
371204	2
371207	1
371212	1
371213	2
371214	2
371217	1
371218	1
371219	1
371222	1
371224	1
371226	1
371227	1
371228	2
371230	1
371232	1
371237	1
371239	1
371240	1
371242	1
371245	1
371247	1
371248	1
371249	1
371251	2
371258	1
371262	1
371263	1
371265	1
371266	1
371269	1
371270	2
371271	2
371272	1
371276	2
371277	1
371278	1
371282	2
371283	1
371284	1
371290	1
371291	1
371294	2
371295	1
371301	1
371302	1
371304	1
371307	1
371311	1
371312	2
371313	1
371314	1
371317	1
371319	1
371321	1
371327	1
371328	1
371329	2
371330	1
371333	1
371335	1
371336	1
371337	1
371341	2
371349	1
371351	1
371353	1
371356	2
371357	1
371359	1
371361	2
371362	1
371364	1
371365	1
371366	2
371371	2
371374	2
371376	1
371377	2
371378	1
371379	2
371380	1
371382	1
371383	2
371384	1
371386	1
371387	4
371388	1
371389	1
371391	1
371394	1
371396	3
371397	1
371398	1
371399	1
371401	1
371408	2
371410	1
371418	1
371423	1
371426	1
371427	1
371428	1
371435	1
371436	1
371437	1
371438	1
371442	4
371445	1
371446	1
371448	2
371449	1
371450	2
371451	1
371454	1
371455	1
371457	2
371461	1
371463	2
371464	1
371467	2
371468	2
371469	1
371470	1
371473	1
371475	1
371476	1
371477	1
371485	3
371487	1
371490	1
371491	1
371492	1
371493	2
371494	1
371499	1
371503	1
371504	1
371505	1
371506	1
371507	1
371508	1
371518	1
371519	1
371523	1
371525	1
371526	1
371531	2
371535	1
371536	1
371538	1
371539	1
371540	2
371541	1
371542	1
371544	1
371548	2
371550	2
371552	2
371553	1
371554	2
371555	1
371559	2
371561	2
371565	1
371566	1
371567	1
371569	2
371571	1
371572	1
371573	1
371574	2
371575	1
371576	1
371578	1
371579	1
371584	2
371586	1
371590	1
371591	1
371594	1
371595	1
371601	1
371603	2
371604	1
371609	1
371610	3
371611	1
371612	1
371613	1
371617	1
371619	2
371621	1
371622	1
371623	2
371627	1
371630	1
371631	2
371632	2
371636	1
371640	2
371644	2
371649	1
371650	1
371652	2
371660	1
371661	1
371665	1
371666	1
371667	1
371668	1
371669	1
371671	3
371679	1
371682	2
371683	1
371686	1
371688	1
371690	1
371691	2
371692	1
371693	1
371694	2
371695	1
371696	1
371697	1
371698	2
371700	1
371701	1
371702	1
371703	2
371705	1
371707	1
371708	1
371709	1
371713	2
371715	2
371716	1
371717	2
371718	1
371720	1
371722	1
371726	1
371727	1
371728	1
371729	1
371731	1
371732	2
371733	1
371734	1
371735	2
371736	1
371737	1
371738	1
371740	2
371742	1
371743	1
371745	1
371746	1
371747	1
371748	4
371749	3
371751	2
371752	1
371753	2
371754	2
371756	2
371757	1
371760	1
371761	2
371762	3
371764	1
371767	1
371768	1
371770	1
371771	1
371775	1
371777	1
371778	1
371779	2
371780	2
371782	1
371783	1
371785	1
371786	1
371787	1
371789	1
371792	1
371794	1
371795	1
371798	3
371799	2
371800	1
371803	1
371806	2
371809	1
371810	2
371814	1
371815	1
371816	1
371817	2
371818	3
371819	2
371822	1
371823	1
371824	1
371825	1
371826	1
371827	1
371828	1
371829	1
371830	1
371833	1
371835	1
371836	2
371837	1
371838	2
371839	2
371840	3
371841	1
371842	1
371845	1
371846	2
371847	1
371848	2
371851	3
371855	3
371856	1
371858	3
371859	1
371860	1
371861	2
371863	1
371864	1
371865	1
371867	1
371870	1
371871	1
371874	1
371876	1
371877	1
371878	1
371879	1
371880	1
371882	1
371883	1
371885	2
371888	2
371890	1
371892	1
371896	1
371897	1
371898	2
371902	1
371903	1
371905	3
371906	1
371910	1
371912	1
371916	1
371918	1
371919	1
371922	1
371925	1
371926	1
371930	2
371931	1
371932	1
371934	1
371938	1
371940	1
371941	3
371943	2
371947	1
371949	1
371950	1
371951	1
371955	4
371958	1
371960	1
371964	3
371965	1
371966	1
371968	1
371971	2
371972	1
371973	1
371975	1
371979	1
371981	2
371983	1
371988	1
371990	1
371991	1
371992	2
371993	1
371994	1
371996	1
371998	1
371999	1
372001	1
372003	1
372004	2
372011	2
372013	2
372016	2
372017	1
372020	1
372024	2
372025	1
372027	3
372031	1
372035	4
372036	2
372039	1
372040	1
372042	1
372043	1
372045	2
372047	1
372049	1
372053	1
372055	2
372056	2
372059	3
372061	1
372062	1
372063	3
372064	2
372066	2
372067	2
372068	1
372069	1
372070	1
372071	2
372075	1
372078	1
372080	2
372085	2
372088	2
372089	1
372092	1
372093	3
372094	2
372095	2
372096	1
372098	2
372099	2
372100	1
372101	1
372104	1
372106	2
372107	1
372108	2
372110	1
372111	2
372113	1
372115	1
372116	3
372122	1
372123	1
372125	1
372126	4
372127	1
372130	2
372132	1
372133	1
372134	1
372136	2
372137	1
372138	1
372140	1
372141	3
372143	2
372144	1
372145	1
372146	1
372147	2
372153	1
372154	2
372155	2
372158	2
372160	2
372161	2
372162	1
372163	1
372164	2
372165	1
372167	2
372168	2
372170	2
372171	1
372172	1
372173	1
372175	1
372176	1
372178	1
372179	1
372180	1
372183	2
372184	1
372185	2
372186	1
372187	1
372188	1
372192	2
372193	2
372194	3
372195	1
372197	1
372199	3
372200	1
372201	2
372202	1
372204	1
372205	2
372206	4
372209	2
372212	2
372213	1
372216	1
372217	1
372219	1
372222	1
372223	2
372226	4
372227	2
372228	1
372229	2
372230	1
372234	1
372236	2
372238	1
372240	1
372243	2
372245	3
372246	1
372247	2
372249	1
372253	2
372254	1
372255	2
372256	1
372257	4
372258	1
372259	2
372260	2
372261	1
372263	2
372264	1
372270	1
372273	2
372275	3
372276	2
372277	2
372278	3
372281	2
372282	3
372283	1
372284	2
372285	2
372286	1
372287	2
372291	1
372293	1
372294	1
372295	1
372296	1
372298	3
372299	3
372301	2
372302	1
372303	1
372306	3
372307	2
372309	1
372314	3
372317	1
372320	2
372321	3
372322	1
372323	1
372326	1
372328	3
372329	1
372331	2
372332	1
372333	1
372334	1
372337	1
372338	1
372339	1
372340	1
372341	1
372342	2
372345	2
372346	1
372347	1
372352	2
372353	2
372354	1
372356	2
372357	3
372358	1
372360	1
372361	1
372363	2
372364	2
372367	1
372368	1
372369	3
372370	2
372371	3
372372	1
372375	1
372376	2
372379	1
372380	1
372381	1
372382	2
372383	2
372384	2
372385	2
372386	1
372387	1
372389	1
372391	1
372392	2
372393	1
372396	2
372399	1
372407	1
372408	1
372410	2
372411	1
372413	3
372414	1
372417	2
372418	1
372419	3
372422	1
372423	1
372424	1
372427	1
372428	1
372429	1
372430	1
372431	2
372432	1
372433	1
372434	1
372435	2
372436	2
372442	2
372443	1
372444	1
372445	2
372447	3
372448	3
372451	1
372455	2
372456	1
372457	1
372458	2
372460	1
372461	1
372463	1
372468	1
372469	2
372470	2
372471	1
372472	1
372476	1
372477	1
372478	2
372480	1
372481	1
372484	1
372485	1
372486	1
372487	1
372489	2
372490	2
372491	1
372493	2
372494	2
372496	3
372497	2
372498	1
372499	1
372500	1
372502	1
372503	1
372504	1
372505	1
372507	3
372508	2
372509	1
372510	3
372511	1
372513	1
372514	2
372516	1
372518	1
372519	1
372522	1
372523	2
372525	1
372526	1
372529	2
372530	1
372535	1
372536	3
372537	1
372538	2
372539	3
372540	2
372542	2
372545	2
372548	2
372552	1
372554	1
372559	1
372563	2
372565	2
372568	1
372569	1
372570	2
372571	3
372573	1
372574	2
372575	1
372576	2
372577	2
372580	2
372581	3
372583	3
372587	3
372588	1
372590	4
372594	2
372595	1
372596	1
372598	4
372601	1
372603	1
372604	1
372612	1
372613	1
372615	3
372616	1
372618	3
372619	2
372620	2
372622	1
372624	1
372626	1
372630	1
372632	1
372633	2
372636	2
372639	2
372641	1
372642	2
372643	1
372644	1
372646	3
372649	1
372650	1
372651	2
372655	2
372657	1
372658	3
372659	1
372661	1
372662	1
372663	2
372664	4
372667	1
372669	1
372670	1
372671	2
372673	1
372674	3
372675	2
372676	1
372678	2
372681	1
372685	2
372686	2
372687	2
372689	1
372691	1
372692	1
372693	6
372694	3
372695	1
372696	1
372698	1
372699	1
372700	1
372701	2
372702	2
372703	3
372704	1
372706	1
372707	2
372710	1
372711	1
372712	1
372713	1
372714	2
372715	3
372716	1
372717	1
372718	3
372720	2
372721	1
372723	2
372725	1
372729	1
372730	1
372731	1
372732	2
372734	1
372737	1
372738	4
372740	1
372743	1
372744	3
372749	2
372750	2
372751	1
372752	1
372753	2
372754	1
372755	1
372756	1
372758	2
372759	1
372760	2
372762	2
372765	1
372767	2
372769	3
372770	1
372773	1
372776	1
372780	1
372781	1
372782	1
372784	3
372787	2
372788	1
372789	1
372790	2
372792	1
372793	1
372794	1
372795	2
372797	1
372800	1
372801	1
372802	1
372803	2
372804	2
372805	2
372808	1
372809	1
372810	2
372812	2
372813	2
372814	2
372815	2
372821	1
372822	1
372823	1
372824	1
372825	1
372826	1
372827	1
372828	1
372829	1
372830	2
372831	1
372832	2
372837	1
372839	1
372840	1
372841	1
372843	2
372845	1
372846	1
372847	2
372849	2
372850	2
372852	1
372853	1
372855	2
372857	1
372861	1
372862	1
372863	1
372865	2
372866	1
372868	1
372869	1
372872	1
372873	1
372874	1
372875	1
372877	2
372878	1
372879	3
372881	1
372882	2
372883	2
372884	2
372885	1
372887	1
372888	1
372889	1
372890	2
372891	2
372892	3
372893	3
372895	2
372897	1
372899	2
372902	2
372904	2
372905	1
372906	3
372909	2
372910	1
372912	1
372916	1
372917	2
372918	1
372919	1
372920	1
372921	2
372922	1
372923	2
372924	1
372926	1
372927	3
372928	1
372929	1
372931	1
372932	3
372934	1
372935	2
372936	2
372938	2
372939	1
372941	2
372943	3
372944	1
372946	1
372947	2
372948	5
372949	1
372950	1
372951	1
372952	1
372953	1
372954	1
372955	2
372956	1
372957	2
372959	1
372960	1
372962	1
372965	2
372966	1
372967	2
372970	2
372973	2
372974	1
372977	1
372979	1
372980	1
372981	1
372982	1
372983	1
372985	1
372987	2
372988	4
372989	1
372991	1
372992	2
372996	1
372997	3
372998	2
373001	1
373003	1
373004	2
373006	1
373007	1
373008	2
373010	2
373012	2
373013	3
373014	2
373015	2
373016	3
373017	1
373021	1
373024	2
373027	1
373028	2
373030	1
373031	1
373032	1
373033	3
373034	2
373036	3
373037	1
373038	2
373040	1
373041	1
373043	2
373044	3
373045	1
373046	1
373047	1
373048	1
373050	2
373051	1
373053	2
373054	4
373056	4
373057	1
373060	2
373061	3
373062	6
373063	3
373065	1
373069	4
373070	2
373072	3
373074	2
373078	1
373080	2
373081	2
373082	1
373085	1
373087	1
373088	1
373090	1
373091	3
373093	1
373094	3
373095	2
373096	2
373100	3
373102	1
373103	1
373105	1
373106	3
373108	1
373111	3
373112	1
373114	2
373116	1
373117	1
373118	1
373119	2
373122	3
373123	2
373124	1
373125	3
373126	3
373127	1
373129	1
373130	2
373131	1
373133	1
373134	1
373135	2
373136	1
373138	1
373139	2
373142	2
373143	1
373144	1
373146	1
373147	1
373148	1
373153	1
373156	1
373157	1
373158	1
373159	2
373162	2
373163	2
373164	1
373165	1
373167	1
373168	1
373170	2
373172	1
373173	1
373175	2
373176	3
373177	1
373180	3
373182	1
373183	1
373185	1
373188	1
373189	3
373190	4
373191	1
373192	1
373193	2
373195	1
373196	1
373197	6
373198	5
373199	1
373201	2
373202	1
373203	1
373204	3
373206	1
373208	4
373209	3
373210	1
373212	2
373214	2
373217	1
373221	2
373222	2
373223	2
373224	1
373225	1
373226	2
373227	1
373228	2
373229	2
373232	2
373233	1
373234	1
373237	2
373238	1
373240	1
373241	1
373242	1
373243	1
373245	2
373247	1
373248	1
373253	5
373255	3
373256	1
373257	1
373258	1
373260	1
373261	2
373262	1
373263	1
373265	1
373267	2
373268	1
373271	2
373272	1
373273	1
373276	1
373277	2
373278	5
373279	2
373280	2
373281	4
373282	1
373283	2
373284	1
373286	2
373288	1
373289	3
373292	1
373296	1
373298	2
373299	1
373300	1
373301	3
373302	1
373305	1
373306	1
373307	4
373308	1
373309	1
373310	2
373312	1
373313	2
373315	1
373316	4
373317	2
373318	2
373320	1
373322	2
373324	2
373325	3
373328	2
373329	1
373332	6
373335	1
373337	1
373339	1
373341	3
373342	2
373343	1
373344	1
373345	1
373346	2
373347	4
373348	5
373349	1
373350	1
373351	1
373352	3
373353	1
373355	4
373356	1
373357	3
373358	2
373359	1
373360	1
373361	2
373363	2
373365	1
373366	2
373370	2
373371	2
373373	2
373375	1
373378	1
373379	2
373380	1
373381	1
373382	2
373383	2
373385	2
373386	2
373387	1
373388	3
373389	2
373390	1
373391	2
373392	1
373393	2
373394	2
373396	2
373398	1
373399	2
373400	2
373404	2
373406	1
373408	3
373411	2
373413	1
373414	1
373420	2
373421	1
373422	1
373424	1
373425	2
373426	1
373429	1
373430	1
373434	1
373436	1
373437	1
373439	1
373441	2
373444	2
373445	1
373446	1
373448	4
373449	1
373452	2
373453	1
373456	1
373457	2
373459	1
373461	2
373462	1
373463	4
373466	1
373467	2
373469	1
373472	1
373473	2
373474	2
373475	4
373478	2
373479	1
373480	2
373481	2
373482	2
373483	2
373484	2
373485	1
373486	2
373489	2
373490	1
373491	1
373492	2
373496	1
373497	1
373498	1
373499	2
373501	1
373502	2
373503	1
373504	1
373505	3
373506	3
373507	1
373509	1
373512	1
373513	1
373514	1
373515	2
373517	3
373519	1
373520	2
373521	2
373523	1
373524	1
373525	2
373527	1
373528	1
373530	1
373532	1
373533	1
373534	3
373535	1
373536	1
373537	1
373538	1
373541	3
373542	1
373543	2
373544	2
373545	1
373546	1
373549	3
373550	1
373552	1
373553	1
373554	2
373555	2
373556	3
373557	1
373560	1
373561	3
373562	3
373563	1
373564	1
373567	1
373568	1
373569	1
373570	1
373572	1
373574	1
373576	1
373577	1
373578	1
373580	2
373582	2
373586	2
373588	3
373589	1
373590	1
373592	2
373593	1
373594	2
373595	1
373598	3
373599	1
373600	1
373601	1
373602	2
373603	1
373604	1
373606	2
373607	1
373609	1
373610	1
373612	3
373614	4
373615	1
373616	5
373618	1
373621	4
373622	2
373625	2
373626	1
373629	1
373630	2
373631	1
373632	1
373634	1
373636	2
373637	3
373639	1
373640	1
373641	2
373642	1
373643	3
373645	1
373646	1
373647	2
373648	2
373651	1
373653	2
373655	1
373656	1
373658	3
373659	1
373660	1
373661	1
373663	1
373667	2
373669	1
373670	2
373671	2
373672	1
373673	1
373676	2
373677	1
373679	1
373680	2
373681	2
373683	1
373686	2
373688	2
373689	2
373692	1
373693	1
373694	2
373695	1
373696	1
373697	1
373698	2
373699	1
373701	1
373702	1
373703	2
373704	2
373705	4
373707	3
373708	3
373710	1
373711	1
373713	2
373714	4
373716	1
373718	2
373719	2
373720	1
373721	2
373722	1
373723	1
373724	1
373725	1
373726	1
373728	3
373731	1
373735	1
373736	1
373738	1
373740	1
373741	2
373742	1
373747	1
373748	1
373749	3
373751	3
373752	1
373753	1
373754	1
373755	2
373756	1
373758	1
373759	3
373760	1
373763	1
373764	1
373765	3
373766	1
373767	1
373768	1
373769	3
373770	2
373771	1
373772	1
373773	1
373774	2
373775	1
373776	2
373777	1
373780	1
373781	3
373782	2
373783	1
373784	4
373785	3
373786	2
373787	1
373788	1
373789	1
373790	1
373791	2
373793	1
373794	4
373795	1
373796	2
373798	2
373799	1
373802	1
373804	3
373805	5
373806	2
373809	2
373811	1
373812	3
373813	1
373814	2
373815	1
373816	1
373818	2
373819	1
373822	2
373823	2
373824	1
373826	1
373827	1
373828	2
373829	1
373831	1
373832	1
373833	3
373834	1
373836	1
373837	3
373838	2
373839	2
373841	2
373842	3
373844	1
373846	1
373847	1
373849	2
373850	1
373853	2
373855	2
373856	1
373857	1
373859	2
373860	1
373862	1
373863	2
373865	1
373866	4
373867	1
373868	2
373869	1
373870	1
373871	1
373873	1
373874	1
373875	1
373877	1
373878	3
373879	2
373880	1
373881	1
373882	1
373883	3
373885	1
373886	3
373887	1
373888	1
373889	1
373891	1
373892	1
373893	2
373894	1
373895	2
373897	1
373898	3
373902	1
373903	3
373904	3
373905	1
373907	4
373908	3
373909	1
373910	3
373911	1
373913	3
373915	3
373917	2
373918	1
373919	2
373920	2
373922	1
373923	2
373924	2
373925	1
373926	4
373927	1
373929	1
373930	3
373931	1
373933	1
373934	1
373935	1
373936	2
373937	3
373940	2
373941	2
373942	2
373943	4
373944	1
373946	1
373947	2
373948	1
373952	1
373953	2
373956	2
373959	2
373960	1
373963	1
373964	1
373965	1
373966	1
373967	1
373968	1
373969	2
373970	3
373971	2
373972	1
373973	1
373975	1
373977	1
373978	2
373982	2
373983	1
373984	3
373985	3
373986	1
373989	1
373992	1
373993	2
373994	1
373995	2
373996	4
373997	2
373999	1
374000	1
374001	1
374003	2
374005	3
374006	4
374008	1
374009	2
374010	3
374011	1
374012	2
374013	1
374014	2
374015	1
374017	1
374019	2
374021	3
374022	1
374023	4
374024	1
374026	1
374027	2
374029	2
374032	3
374033	1
374038	1
374039	1
374040	1
374041	1
374042	1
374043	3
374044	1
374045	3
374046	2
374047	2
374048	1
374050	1
374051	1
374053	4
374054	1
374055	1
374056	2
374057	1
374059	2
374060	1
374061	1
374063	1
374064	1
374065	1
374066	4
374067	2
374068	1
374071	1
374072	3
374073	2
374074	1
374075	3
374076	1
374077	2
374078	1
374080	2
374081	1
374082	1
374083	2
374084	3
374085	2
374086	2
374087	1
374090	2
374091	5
374092	2
374099	2
374100	1
374101	2
374105	3
374108	1
374110	1
374112	2
374115	1
374116	1
374117	1
374118	2
374120	2
374121	2
374123	1
374126	1
374127	2
374128	2
374129	3
374130	2
374131	2
374132	3
374133	1
374134	1
374135	3
374137	1
374139	1
374140	1
374142	2
374143	2
374144	2
374145	2
374147	1
374148	1
374151	2
374152	1
374153	1
374154	1
374155	2
374157	2
374159	1
374160	1
374162	1
374164	2
374165	3
374166	3
374170	3
374171	1
374172	1
374173	4
374174	1
374175	2
374176	1
374177	3
374178	2
374180	1
374181	1
374182	1
374183	1
374184	4
374187	3
374188	1
374189	1
374190	5
374193	3
374194	2
374196	2
374197	1
374198	2
374200	4
374201	1
374206	3
374207	2
374208	2
374211	3
374212	1
374213	2
374214	2
374216	2
374218	1
374221	1
374223	1
374224	2
374225	3
374226	3
374227	1
374228	2
374229	1
374231	2
374234	3
374236	1
374238	1
374239	3
374240	1
374241	3
374242	1
374243	2
374244	1
374247	3
374248	1
374249	1
374250	1
374253	1
374254	2
374255	4
374257	1
374259	1
374260	1
374261	2
374262	2
374266	1
374267	1
374268	1
374269	1
374272	1
374273	3
374274	3
374276	1
374279	1
374282	2
374283	1
374286	1
374287	1
374288	3
374290	1
374292	2
374293	3
374294	4
374295	3
374296	1
374297	3
374299	2
374300	1
374302	2
374303	1
374304	2
374308	2
374309	1
374310	1
374311	1
374312	1
374314	1
374315	3
374318	1
374319	2
374321	1
374322	1
374323	2
374324	1
374325	2
374326	1
374327	3
374328	1
374330	1
374331	1
374333	2
374337	2
374338	1
374339	1
374340	1
374341	1
374342	2
374343	1
374345	1
374346	2
374347	1
374348	1
374349	2
374352	1
374354	2
374355	2
374356	1
374357	1
374358	4
374359	2
374360	1
374362	1
374363	2
374367	1
374369	1
374370	2
374374	2
374375	3
374377	1
374378	1
374380	1
374382	1
374384	1
374385	1
374386	2
374387	1
374389	2
374391	1
374394	1
374396	1
374400	1
374401	1
374402	2
374403	1
374404	1
374405	2
374406	1
374407	1
374408	1
374409	1
374410	3
374411	1
374412	1
374415	3
374416	2
374417	3
374419	1
374420	3
374422	1
374423	3
374425	1
374426	2
374427	3
374428	1
374429	1
374430	1
374431	2
374433	2
374435	1
374436	1
374437	1
374439	1
374440	1
374442	2
374444	1
374445	3
374447	2
374448	1
374449	1
374450	1
374451	1
374452	2
374454	1
374455	2
374456	1
374457	2
374458	1
374461	2
374462	1
374463	3
374464	1
374465	1
374466	1
374469	1
374470	2
374472	2
374473	3
374475	2
374477	1
374478	1
374479	1
374480	1
374482	1
374484	1
374485	1
374486	2
374487	1
374488	1
374489	1
374492	2
374493	2
374494	1
374496	1
374498	2
374499	2
374500	1
374501	1
374502	1
374505	4
374506	3
374507	4
374508	1
374509	1
374510	1
374513	1
374514	2
374516	2
374518	1
374519	1
374520	2
374521	1
374524	2
374525	2
374529	1
374535	2
374537	1
374538	2
374542	4
374545	1
374546	1
374547	1
374548	3
374549	2
374550	2
374551	2
374553	1
374558	1
374560	4
374561	2
374562	2
374563	4
374564	3
374565	1
374566	2
374567	1
374568	1
374569	2
374570	1
374571	1
374572	2
374573	1
374574	2
374575	1
374576	3
374577	2
374580	3
374581	2
374582	1
374586	1
374589	2
374591	1
374592	2
374593	1
374594	1
374595	2
374597	4
374598	1
374599	3
374600	1
374601	2
374604	1
374605	4
374607	1
374608	2
374609	1
374610	1
374612	2
374613	1
374615	2
374617	1
374618	1
374620	2
374622	2
374623	2
374624	1
374625	1
374626	2
374630	4
374631	2
374633	4
374634	2
374636	2
374638	1
374640	2
374642	1
374643	3
374644	1
374645	1
374646	3
374647	4
374648	1
374651	4
374652	1
374654	1
374655	1
374657	1
374658	1
374662	1
374663	1
374664	2
374665	3
374666	2
374667	2
374668	2
374670	3
374671	1
374672	1
374673	1
374674	1
374675	3
374676	1
374677	1
374678	1
374680	2
374681	1
374682	1
374683	2
374684	1
374685	1
374686	2
374687	2
374688	2
374689	2
374690	1
374691	2
374692	2
374693	1
374694	1
374695	1
374696	2
374697	1
374698	2
374700	1
374702	2
374703	2
374704	1
374705	1
374706	2
374707	1
374708	2
374709	1
374711	2
374712	3
374713	1
374714	1
374715	2
374716	1
374717	1
374718	3
374720	1
374721	2
374722	1
374723	1
374724	2
374725	1
374726	1
374729	2
374730	4
374732	1
374735	2
374737	1
374739	3
374740	5
374742	2
374743	1
374744	1
374746	2
374747	1
374751	1
374753	2
374754	1
374755	1
374757	1
374758	5
374759	1
374760	1
374761	1
374762	1
374764	4
374766	2
374767	2
374768	1
374769	4
374770	1
374771	2
374772	3
374773	2
374774	2
374775	2
374777	3
374778	1
374779	1
374780	1
374781	1
374783	1
374784	1
374785	1
374786	3
374787	3
374788	2
374789	3
374790	1
374791	2
374792	1
374793	1
374794	2
374795	1
374796	2
374798	1
374801	1
374802	1
374805	1
374806	2
374807	1
374808	3
374809	2
374810	2
374812	1
374814	2
374816	2
374817	3
374818	2
374819	4
374820	1
374821	2
374822	2
374823	3
374825	2
374826	1
374827	3
374828	1
374829	2
374830	1
374832	1
374833	1
374835	1
374836	1
374837	1
374838	2
374839	2
374840	2
374841	2
374842	1
374844	1
374845	1
374846	2
374847	2
374848	1
374849	2
374852	3
374853	2
374854	1
374857	1
374858	1
374859	3
374861	1
374863	1
374864	3
374865	1
374866	2
374867	1
374868	1
374869	1
374871	1
374875	5
374878	2
374879	3
374882	1
374883	1
374884	1
374885	2
374886	1
374888	1
374890	2
374892	2
374893	2
374894	1
374896	2
374898	3
374899	1
374900	2
374901	6
374903	1
374905	1
374906	1
374907	1
374908	2
374910	2
374911	3
374913	1
374915	2
374917	4
374919	1
374920	1
374921	1
374923	2
374924	1
374925	1
374926	1
374927	2
374928	2
374929	2
374930	1
374931	1
374932	1
374933	2
374934	2
374935	1
374936	1
374937	1
374938	2
374943	1
374944	1
374945	4
374946	1
374947	2
374948	1
374949	1
374950	3
374952	1
374953	1
374955	1
374956	2
374958	1
374960	1
374961	2
374962	1
374963	2
374964	2
374965	1
374966	2
374967	3
374968	3
374969	2
374970	2
374971	3
374972	3
374973	2
374975	2
374976	2
374977	1
374978	2
374979	3
374980	2
374981	1
374982	1
374986	1
374987	1
374988	3
374989	1
374991	1
374992	2
374993	2
374994	2
374995	3
374996	2
374997	2
374998	3
374999	2
375000	1
375002	1
375004	1
375005	2
375007	3
375008	2
375009	2
375010	2
375012	2
375016	1
375017	2
375018	2
375020	4
375021	1
375022	1
375024	3
375025	1
375026	2
375027	1
375028	5
375029	1
375031	2
375032	2
375034	2
375035	1
375036	2
375037	2
375038	3
375039	1
375041	2
375042	1
375043	3
375044	2
375045	3
375046	1
375047	1
375049	3
375050	4
375051	2
375052	1
375053	1
375054	1
375056	3
375058	3
375059	1
375060	3
375061	1
375062	1
375063	2
375064	2
375065	2
375066	2
375069	1
375070	1
375071	1
375073	1
375074	1
375075	2
375076	1
375078	1
375079	1
375081	2
375082	1
375083	2
375084	3
375085	1
375086	2
375087	4
375088	3
375089	4
375091	1
375092	2
375093	3
375095	3
375096	1
375097	1
375099	2
375100	2
375101	2
375103	3
375104	3
375105	4
375106	2
375107	3
375108	1
375109	2
375110	1
375111	1
375112	2
375113	3
375115	1
375116	2
375122	2
375123	1
375124	2
375125	1
375128	1
375129	1
375132	2
375135	1
375136	1
375138	3
375139	3
375141	1
375142	3
375143	2
375144	3
375146	1
375147	1
375148	1
375150	1
375152	1
375153	1
375154	2
375156	3
375157	3
375158	1
375159	2
375160	3
375161	3
375162	2
375163	1
375164	3
375165	2
375167	2
375168	1
375169	1
375170	1
375171	2
375172	1
375173	1
375174	1
375175	1
375179	3
375180	4
375181	3
375182	1
375183	2
375184	1
375185	4
375186	2
375188	2
375189	4
375190	3
375191	2
375192	2
375193	4
375194	1
375195	2
375196	1
375197	1
375198	1
375199	2
375200	1
375201	2
375202	1
375204	3
375205	1
375206	1
375207	2
375208	1
375209	2
375210	1
375211	1
375212	1
375213	1
375215	2
375216	4
375217	2
375218	1
375220	1
375221	2
375225	3
375228	1
375229	4
375231	2
375233	3
375234	3
375236	2
375238	4
375240	2
375241	2
375242	1
375244	2
375245	2
375248	1
375249	2
375250	1
375251	3
375253	2
375254	1
375255	3
375256	3
375257	1
375260	1
375261	2
375263	2
375265	1
375266	1
375267	2
375268	1
375269	2
375270	1
375271	3
375272	1
375273	3
375274	1
375276	1
375277	1
375280	2
375281	2
375282	3
375284	1
375285	1
375289	5
375291	1
375293	1
375294	3
375298	3
375301	2
375303	3
375304	1
375305	2
375306	4
375307	1
375308	1
375309	1
375310	2
375311	1
375313	1
375315	1
375319	4
375320	1
375321	1
375322	1
375323	2
375325	2
375326	1
375329	1
375330	2
375331	1
375332	1
375333	2
375335	5
375336	2
375337	1
375339	1
375340	1
375341	1
375342	2
375343	3
375344	2
375345	2
375346	2
375347	2
375349	4
375350	2
375351	4
375353	1
375354	1
375355	2
375356	1
375360	1
375363	1
375364	1
375365	3
375367	4
375368	2
375369	1
375370	2
375371	1
375372	2
375374	2
375376	1
375378	2
375379	1
375380	2
375381	1
375382	1
375383	2
375384	1
375385	2
375387	1
375389	1
375391	1
375396	2
375397	1
375398	1
375399	1
375400	1
375401	1
375403	2
375404	3
375405	1
375407	1
375408	1
375411	2
375412	1
375413	2
375414	1
375416	1
375420	3
375422	2
375423	2
375424	3
375425	1
375426	2
375428	3
375429	2
375430	2
375434	2
375435	3
375436	1
375437	2
375438	1
375440	1
375441	1
375445	1
375446	3
375447	1
375449	2
375450	1
375452	1
375453	1
375455	1
375456	2
375458	1
375460	3
375461	3
375462	1
375463	2
375464	1
375465	3
375466	2
375467	1
375468	1
375469	1
375470	1
375471	3
375473	2
375476	1
375477	1
375478	3
375479	2
375480	1
375481	1
375482	1
375483	3
375484	2
375486	3
375487	2
375488	1
375490	2
375492	1
375493	2
375495	2
375498	1
375499	4
375500	1
375501	1
375502	4
375503	1
375504	1
375505	3
375506	2
375507	2
375508	2
375509	2
375511	1
375515	1
375516	2
375517	2
375518	4
375521	3
375524	1
375525	1
375526	3
375527	2
375528	2
375530	1
375532	1
375534	2
375535	2
375536	1
375539	2
375541	3
375542	2
375544	2
375546	2
375548	2
375549	2
375550	1
375551	2
375552	1
375553	2
375554	1
375556	3
375557	1
375558	2
375560	3
375562	3
375563	3
375564	4
375566	1
375567	1
375568	1
375570	1
375571	1
375572	3
375573	1
375574	2
375575	2
375578	1
375580	1
375582	4
375583	2
375585	2
375586	3
375587	2
375589	2
375590	2
375591	1
375592	4
375593	1
375596	1
375597	2
375598	3
375599	1
375601	3
375602	1
375603	1
375604	3
375605	2
375606	1
375607	1
375608	3
375609	2
375612	4
375613	1
375614	2
375615	1
375616	2
375617	1
375619	4
375620	1
375621	1
375625	1
375626	2
375630	1
375631	2
375632	2
375634	1
375635	4
375636	1
375637	2
375638	2
375639	1
375640	1
375642	2
375644	2
375645	3
375646	2
375647	1
375649	2
375651	1
375652	3
375653	2
375654	1
375655	2
375657	5
375658	3
375659	2
375660	1
375661	2
375665	1
375667	1
375669	1
375670	2
375674	4
375675	1
375676	1
375677	3
375679	1
375680	1
375682	1
375683	1
375684	3
375687	2
375688	1
375689	1
375690	3
375691	1
375692	1
375695	1
375696	3
375697	2
375698	4
375699	1
375700	2
375703	2
375704	3
375706	3
375707	3
375708	4
375709	1
375710	1
375711	2
375712	3
375713	1
375714	4
375715	1
375716	1
375720	1
375721	1
375722	1
375724	1
375725	1
375726	1
375727	1
375728	1
375729	1
375730	1
375731	1
375734	1
375735	3
375736	2
375738	1
375740	1
375741	1
375742	2
375743	3
375746	3
375747	3
375748	1
375749	3
375750	1
375751	3
375752	3
375753	1
375754	2
375755	1
375756	1
375757	1
375758	2
375759	1
375760	1
375763	1
375765	2
375766	2
375768	2
375769	2
375771	2
375772	1
375773	1
375774	3
375775	1
375778	4
375779	1
375780	1
375781	1
375784	3
375785	3
375787	1
375788	1
375789	2
375790	1
375791	1
375793	1
375794	2
375795	1
375796	2
375801	1
375802	1
375804	1
375805	2
375806	1
375808	3
375810	2
375811	2
375812	2
375813	1
375815	1
375816	3
375817	2
375818	1
375819	1
375821	2
375824	3
375825	2
375826	1
375827	2
375829	1
375830	1
375833	2
375835	2
375836	1
375837	1
375838	1
375839	3
375840	1
375841	2
375842	1
375843	1
375844	1
375845	2
375846	1
375847	1
375849	2
375850	2
375851	2
375852	1
375853	3
375855	1
375856	1
375862	1
375863	1
375864	2
375867	2
375868	1
375869	1
375871	2
375872	2
375874	1
375875	2
375876	1
375878	1
375879	1
375880	2
375881	1
375882	3
375883	1
375884	1
375886	1
375887	2
375888	2
375889	2
375890	2
375891	1
375892	1
375893	2
375894	1
375896	1
375897	4
375898	1
375901	1
375902	4
375904	1
375906	3
375907	3
375908	1
375909	2
375910	3
375911	1
375913	2
375915	1
375916	2
375919	1
375920	3
375921	1
375922	3
375924	1
375925	2
375926	1
375927	3
375928	4
375929	1
375932	1
375933	2
375934	1
375937	2
375938	1
375939	1
375940	1
375941	2
375942	2
375943	2
375945	1
375946	1
375947	1
375949	2
375950	1
375951	3
375952	2
375954	3
375955	3
375957	3
375958	3
375959	1
375960	2
375962	5
375963	1
375964	1
375966	2
375967	3
375968	1
375969	2
375971	2
375972	2
375973	2
375974	3
375975	2
375976	3
375977	3
375978	2
375979	2
375980	2
375981	3
375983	1
375985	3
375986	1
375987	2
375988	2
375989	1
375990	1
375991	2
375992	1
375993	1
375994	3
375995	1
375997	2
375999	3
376001	1
376002	1
376004	1
376006	1
376008	4
376010	2
376011	2
376012	1
376013	3
376014	1
376017	2
376018	1
376019	1
376020	2
376021	1
376022	2
376023	1
376026	1
376027	3
376028	1
376030	2
376031	2
376032	2
376033	1
376034	2
376039	1
376040	2
376041	1
376042	1
376045	3
376046	1
376047	2
376048	2
376049	3
376050	2
376052	3
376053	1
376054	1
376055	1
376057	1
376058	1
376059	1
376060	1
376061	3
376062	1
376065	2
376066	2
376067	1
376068	2
376069	2
376071	3
376072	1
376074	2
376076	2
376077	2
376079	2
376082	1
376083	1
376084	2
376086	1
376087	3
376088	3
376089	1
376090	1
376091	1
376093	3
376095	1
376097	2
376098	3
376100	2
376101	1
376104	1
376105	1
376107	2
376109	2
376110	5
376111	2
376115	3
376116	2
376117	2
376119	3
376120	2
376121	3
376122	2
376123	2
376125	1
376126	2
376127	2
376128	1
376130	2
376131	6
376132	1
376133	1
376135	3
376136	1
376137	1
376138	1
376140	2
376141	1
376142	2
376143	1
376145	1
376146	1
376149	1
376150	1
376152	1
376153	1
376155	2
376156	1
376158	1
376159	2
376160	3
376161	1
376163	2
376164	1
376169	4
376170	1
376172	1
376173	2
376174	1
376175	2
376177	2
376178	1
376179	2
376180	1
376182	1
376183	3
376185	2
376186	1
376187	1
376188	1
376189	1
376193	1
376194	1
376195	2
376197	2
376198	2
376199	2
376200	2
376201	1
376202	1
376203	3
376204	1
376205	3
376206	3
376207	4
376208	2
376209	2
376210	1
376211	3
376212	1
376213	3
376214	1
376216	3
376218	1
376219	1
376221	1
376222	2
376223	1
376224	1
376225	1
376226	3
376227	2
376228	1
376229	1
376230	1
376231	2
376232	3
376233	1
376234	1
376235	1
376236	2
376237	2
376240	2
376241	2
376243	1
376244	1
376245	2
376247	1
376249	4
376250	3
376251	1
376252	1
376255	2
376256	3
376262	1
376263	2
376264	2
376265	2
376266	1
376267	2
376268	1
376269	2
376270	2
376271	1
376272	2
376273	2
376274	2
376275	1
376277	2
376278	1
376279	1
376280	2
376281	1
376282	1
376283	2
376285	1
376286	1
376287	1
376288	2
376289	1
376291	1
376292	1
376293	1
376294	2
376296	1
376297	1
376299	3
376300	2
376301	2
376302	3
376304	3
376305	1
376306	3
376308	4
376310	2
376311	3
376314	3
376315	1
376317	1
376320	4
376321	2
376323	2
376325	3
376326	1
376327	4
376331	3
376332	1
376334	1
376335	2
376338	1
376339	2
376341	1
376342	1
376343	3
376345	3
376354	1
376355	1
376357	1
376358	2
376359	1
376360	1
376362	2
376364	3
376365	1
376366	1
376369	1
376370	2
376372	1
376373	1
376374	2
376375	1
376377	1
376379	1
376381	2
376382	2
376385	1
376386	2
376387	1
376388	2
376391	1
376392	2
376394	1
376396	3
376397	3
376398	3
376399	1
376401	3
376402	1
376403	5
376405	2
376408	1
376409	1
376410	1
376411	2
376412	1
376415	2
376416	3
376417	2
376418	1
376419	2
376420	1
376421	4
376424	2
376425	1
376426	2
376427	1
376428	1
376429	2
376431	3
376432	2
376433	1
376434	1
376436	1
376438	2
376439	2
376440	3
376441	2
376442	1
376444	1
376445	1
376448	2
376449	2
376451	1
376452	4
376454	2
376455	1
376456	2
376457	3
376458	2
376459	1
376461	1
376462	1
376463	2
376465	1
376466	1
376467	2
376468	1
376469	1
376470	2
376471	1
376472	1
376474	1
376475	2
376478	1
376479	1
376480	3
376481	1
376483	5
376484	2
376485	3
376486	1
376487	1
376488	1
376489	2
376490	2
376491	1
376492	1
376494	1
376497	2
376498	1
376499	2
376500	2
376501	2
376503	1
376504	1
376508	2
376509	1
376510	1
376511	1
376512	1
376513	1
376515	2
376517	1
376518	1
376519	1
376522	1
376523	1
376524	2
376527	1
376528	2
376529	1
376531	2
376532	1
376534	1
376535	1
376536	1
376538	1
376539	1
376540	2
376541	2
376542	2
376543	2
376545	1
376547	1
376548	1
376549	2
376550	1
376551	1
376552	1
376553	2
376554	1
376555	1
376556	1
376558	1
376559	1
376560	1
376561	2
376562	1
376563	1
376566	2
376567	2
376568	1
376569	1
376570	2
376572	2
376573	2
376574	1
376575	1
376576	1
376577	1
376578	2
376580	3
376581	2
376582	1
376585	2
376586	1
376587	2
376588	3
376589	1
376590	1
376592	1
376593	1
376595	1
376597	1
376598	1
376600	1
376601	4
376602	3
376603	1
376605	1
376606	3
376607	2
376608	1
376609	2
376610	1
376611	1
376612	2
376613	2
376614	3
376615	1
376616	3
376617	2
376619	2
376620	1
376621	3
376622	1
376626	1
376628	2
376630	1
376631	3
376634	3
376635	2
376636	1
376637	2
376638	1
376640	1
376641	2
376642	1
376644	1
376645	3
376647	1
376648	2
376649	2
376651	1
376652	1
376653	1
376654	1
376655	2
376656	3
376657	2
376659	1
376661	1
376662	1
376663	1
376665	2
376667	1
376668	2
376670	1
376671	1
376672	3
376673	1
376674	4
376677	1
376678	2
376680	2
376682	1
376683	1
376684	1
376685	1
376686	1
376687	1
376691	3
376692	2
376693	2
376694	1
376695	2
376697	3
376702	2
376703	3
376705	2
376707	2
376708	2
376709	2
376711	1
376712	2
376713	1
376715	1
376717	1
376718	1
376721	1
376722	1
376723	1
376724	1
376725	2
376726	1
376727	1
376730	1
376731	2
376733	1
376735	1
376736	2
376737	1
376739	1
376740	2
376741	3
376743	1
376745	1
376746	1
376747	1
376748	1
376749	1
376751	3
376753	1
376754	2
376755	1
376756	1
376758	1
376759	2
376760	3
376761	1
376763	3
376764	1
376766	1
376767	1
376769	2
376770	3
376773	1
376774	1
376776	3
376777	2
376778	1
376779	1
376781	1
376782	3
376783	1
376785	1
376788	2
376791	4
376792	1
376793	1
376796	1
376798	1
376799	4
376801	2
376802	1
376804	2
376805	4
376806	1
376809	2
376810	1
376811	1
376812	3
376814	3
376815	3
376816	2
376817	1
376820	1
376821	1
376824	1
376826	2
376827	3
376829	1
376831	1
376832	1
376833	1
376835	3
376837	1
376838	3
376841	2
376845	2
376848	2
376849	1
376850	1
376851	1
376853	2
376854	1
376857	3
376858	1
376859	1
376860	1
376862	1
376863	2
376864	1
376865	1
376866	1
376867	1
376868	2
376869	2
376870	2
376872	1
376873	2
376876	1
376878	2
376879	4
376881	2
376883	1
376885	2
376886	2
376888	1
376889	4
376890	3
376891	2
376892	3
376894	1
376895	2
376896	2
376897	3
376898	1
376901	4
376903	1
376904	2
376905	4
376907	1
376908	3
376909	3
376911	1
376912	4
376915	4
376916	1
376917	2
376918	1
376919	1
376920	2
376922	2
376923	2
376924	4
376925	1
376926	1
376928	1
376929	1
376931	1
376932	1
376933	2
376934	1
376935	2
376936	1
376937	2
376938	3
376940	1
376943	1
376944	3
376945	2
376948	3
376949	2
376950	1
376951	2
376953	2
376954	2
376955	1
376956	2
376958	1
376959	1
376960	2
376961	2
376962	1
376963	2
376966	2
376967	2
376968	1
376969	2
376970	2
376971	2
376973	1
376974	2
376978	1
376979	2
376980	1
376982	2
376985	4
376987	1
376989	2
376990	1
376991	1
376993	2
376994	1
376995	1
376996	3
376999	1
377001	4
377002	1
377003	1
377004	1
377005	1
377006	4
377007	4
377009	2
377010	4
377014	2
377015	2
377016	1
377017	4
377018	1
377019	1
377020	1
377022	1
377023	1
377024	1
377026	1
377027	1
377029	2
377030	2
377032	2
377033	2
377035	1
377036	1
377037	1
377038	1
377040	1
377041	1
377042	1
377043	3
377045	3
377048	3
377049	1
377050	2
377051	1
377052	2
377053	3
377054	2
377055	2
377056	1
377057	2
377058	2
377059	2
377061	3
377062	1
377063	2
377064	1
377065	1
377066	1
377067	2
377072	2
377073	4
377074	1
377075	1
377076	2
377077	2
377079	1
377080	1
377082	2
377083	1
377084	1
377085	2
377086	2
377087	1
377088	1
377092	1
377093	1
377095	2
377096	1
377098	1
377099	1
377100	2
377101	2
377107	1
377108	3
377110	1
377111	4
377113	3
377114	1
377115	2
377117	1
377118	2
377120	2
377121	3
377122	1
377125	3
377126	2
377127	2
377128	1
377129	1
377130	1
377132	1
377133	1
377134	2
377135	1
377137	1
377138	1
377139	1
377141	1
377143	1
377144	3
377145	4
377146	1
377147	4
377150	2
377155	2
377159	1
377160	1
377161	2
377162	2
377166	1
377168	3
377169	1
377170	1
377171	2
377172	1
377175	2
377176	1
377178	1
377180	1
377182	3
377183	1
377184	1
377185	1
377188	2
377189	1
377190	2
377192	1
377195	1
377196	1
377197	2
377202	1
377203	2
377204	2
377205	1
377206	1
377207	1
377208	2
377210	1
377211	1
377212	1
377213	1
377214	2
377215	1
377218	2
377224	1
377227	1
377229	1
377230	3
377231	2
377232	1
377233	1
377234	1
377235	2
377236	1
377237	1
377238	2
377239	4
377241	1
377243	2
377244	4
377245	2
377247	2
377248	1
377251	1
377254	2
377256	1
377258	2
377259	1
377262	1
377263	2
377264	2
377265	1
377266	4
377268	4
377270	3
377271	1
377272	3
377275	2
377276	1
377278	1
377279	2
377280	2
377282	2
377283	3
377285	1
377286	5
377287	4
377289	1
377290	2
377291	2
377294	2
377297	2
377298	1
377299	2
377300	2
377301	2
377302	1
377303	3
377304	2
377305	1
377306	2
377307	2
377309	1
377310	1
377311	3
377313	3
377314	3
377315	2
377316	1
377317	2
377318	1
377320	2
377322	1
377323	2
377324	3
377325	2
377326	1
377327	2
377329	2
377330	3
377334	2
377335	1
377337	1
377338	1
377339	1
377344	1
377345	1
377346	3
377347	1
377348	2
377349	4
377350	2
377351	1
377352	1
377353	1
377355	1
377357	1
377358	1
377359	2
377360	1
377361	4
377365	2
377367	1
377368	3
377369	3
377371	1
377372	2
377373	1
377374	1
377375	2
377376	1
377377	3
377379	1
377381	1
377383	2
377388	1
377389	3
377390	3
377391	1
377392	1
377393	2
377395	2
377396	1
377397	4
377398	1
377399	1
377400	1
377403	1
377405	2
377408	1
377410	1
377413	1
377414	1
377415	1
377416	1
377417	1
377418	1
377420	1
377422	2
377423	1
377424	1
377426	4
377429	1
377431	1
377432	1
377433	1
377434	2
377436	1
377438	1
377441	3
377442	1
377443	1
377445	3
377446	1
377447	3
377448	1
377449	1
377451	1
377452	2
377454	1
377458	3
377459	2
377460	2
377461	1
377463	2
377464	1
377466	1
377467	4
377468	1
377469	1
377471	2
377472	3
377473	1
377474	1
377475	1
377476	1
377477	1
377478	2
377479	2
377481	2
377482	1
377483	2
377485	2
377487	1
377488	1
377490	1
377491	2
377492	2
377493	1
377494	2
377495	2
377496	3
377497	1
377498	1
377499	1
377500	2
377503	2
377504	3
377505	3
377507	4
377509	1
377510	1
377511	2
377512	1
377513	1
377514	1
377515	1
377519	2
377520	1
377521	1
377523	2
377524	2
377525	2
377526	3
377527	2
377528	2
377529	2
377530	1
377532	1
377533	2
377535	3
377540	2
377541	1
377542	1
377543	1
377544	3
377546	2
377547	1
377549	1
377550	1
377551	1
377552	2
377554	2
377555	1
377556	2
377557	1
377560	2
377562	3
377563	2
377565	3
377566	1
377567	5
377569	2
377570	1
377571	1
377573	1
377574	2
377575	1
377576	1
377579	1
377580	1
377581	2
377582	1
377583	1
377584	1
377585	3
377586	1
377588	1
377589	4
377590	1
377591	1
377592	2
377593	1
377594	2
377597	1
377600	4
377603	1
377604	1
377607	1
377608	1
377611	1
377614	1
377617	1
377619	1
377620	1
377621	3
377622	1
377624	2
377627	1
377629	1
377630	1
377631	2
377632	1
377633	2
377634	1
377635	2
377636	3
377637	2
377638	2
377639	1
377640	1
377641	1
377645	1
377646	3
377649	1
377651	1
377652	2
377654	1
377655	1
377656	2
377657	1
377658	1
377660	1
377662	1
377664	1
377665	2
377667	1
377668	3
377669	1
377672	1
377673	2
377675	1
377676	2
377679	1
377680	1
377683	2
377684	1
377685	1
377686	1
377688	1
377690	1
377693	2
377695	1
377696	2
377697	1
377698	1
377700	1
377701	4
377703	1
377707	2
377708	2
377710	2
377711	1
377712	1
377715	1
377716	2
377717	1
377719	3
377720	1
377721	1
377722	1
377723	1
377724	2
377725	1
377732	2
377734	1
377735	2
377736	2
377737	2
377738	2
377739	1
377740	1
377741	1
377742	2
377743	2
377744	1
377745	1
377746	1
377748	1
377749	2
377750	1
377751	1
377752	1
377753	1
377754	2
377757	2
377758	1
377759	1
377765	1
377766	2
377767	1
377769	2
377770	1
377776	1
377781	1
377782	1
377785	1
377786	1
377788	1
377789	1
377791	1
377793	1
377794	1
377795	1
377798	2
377799	1
377800	1
377802	3
377803	3
377807	1
377809	2
377815	1
377820	3
377821	3
377825	2
377826	2
377827	2
377830	1
377831	2
377833	1
377837	1
377839	2
377842	2
377844	1
377845	1
377846	1
377847	1
377849	1
377850	1
377852	2
377854	2
377856	1
377858	1
377860	1
377865	1
377866	1
377867	2
377869	4
377870	1
377871	3
377872	2
377875	1
377878	1
377879	1
377880	1
377881	2
377883	4
377884	1
377885	2
377886	1
377887	2
377888	2
377890	1
377891	1
377892	1
377893	3
377894	1
377896	2
377897	2
377898	2
377900	1
377901	2
377902	2
377903	1
377904	1
377905	2
377908	1
377909	1
377910	3
377911	1
377913	1
377915	1
377917	1
377918	1
377919	1
377920	1
377922	3
377924	1
377926	3
377927	1
377928	2
377929	1
377930	1
377934	1
377935	1
377936	1
377937	1
377938	1
377939	2
377941	1
377947	2
377948	1
377951	1
377953	2
377954	1
377955	2
377956	1
377961	2
377964	3
377965	1
377966	1
377967	1
377968	1
377971	1
377975	3
377976	1
377977	1
377979	1
377980	2
377983	2
377984	1
377989	2
377990	2
377991	3
377993	1
377994	1
377995	4
377996	2
377997	6
377998	2
378001	1
378002	1
378006	2
378007	1
378008	1
378009	1
378011	1
378012	1
378013	1
378014	1
378017	1
378018	1
378021	1
378023	1
378025	1
378026	2
378027	2
378032	1
378033	1
378034	2
378035	1
378036	2
378037	2
378039	1
378042	2
378045	1
378047	1
378048	1
378051	2
378053	1
378056	2
378057	1
378058	1
378061	1
378062	1
378063	1
378067	1
378070	2
378071	2
378072	1
378074	2
378075	4
378077	1
378079	1
378080	1
378081	3
378083	2
378085	1
378087	1
378088	2
378089	1
378090	3
378092	2
378095	1
378097	2
378099	2
378100	1
378101	1
378102	2
378104	1
378105	2
378106	1
378108	1
378114	2
378117	1
378118	2
378120	1
378123	1
378129	2
378131	1
378132	3
378138	1
378139	1
378140	3
378143	1
378147	1
378148	1
378151	1
378154	2
378155	1
378157	1
378158	2
378159	3
378161	1
378163	3
378164	1
378165	1
378166	1
378169	1
378171	3
378174	1
378175	1
378176	2
378178	2
378181	1
378182	2
378183	1
378184	1
378186	3
378187	1
378188	2
378190	3
378191	2
378192	1
378193	1
378195	2
378197	1
378200	2
378201	2
378206	2
378207	1
378212	1
378213	1
378214	1
378216	1
378219	1
378221	1
378225	2
378226	1
378230	2
378235	1
378237	1
378238	1
378239	1
378240	1
378242	2
378248	1
378249	1
378250	2
378252	1
378254	1
378257	1
378259	1
378265	2
378266	1
378267	2
378268	1
378272	1
378273	1
378274	1
378276	1
378278	2
378279	3
378283	1
378285	1
378288	1
378289	2
378291	1
378295	2
378296	1
378300	2
378301	1
378303	2
378304	1
378305	1
378309	1
378312	1
378314	1
378315	2
378316	1
378318	1
378319	1
378320	2
378321	2
378323	2
378324	1
378325	2
378327	1
378328	2
378330	1
378331	1
378335	1
378339	2
378347	2
378351	1
378352	1
378353	3
378356	2
378357	1
378359	1
378362	1
378365	1
378367	1
378369	1
378373	1
378374	1
378375	1
378380	1
378382	1
378384	2
378387	1
378392	1
378396	1
378397	1
378398	2
378399	2
378401	1
378405	3
378407	2
378411	1
378412	1
378413	1
378414	1
378415	1
378420	2
378423	1
378424	1
378427	1
378428	1
378429	1
378431	3
378435	3
378439	1
378442	1
378444	1
378446	2
378447	2
378448	1
378456	3
378459	1
378461	1
378462	2
378463	1
378464	2
378467	2
378468	2
378471	1
378473	1
378476	1
378477	1
378478	1
378482	1
378493	1
378498	2
378501	1
378502	2
378505	3
378506	2
378507	1
378508	1
378509	1
378510	1
378511	1
378513	1
378514	2
378516	1
378517	2
378519	2
378520	2
378523	1
378525	1
378527	3
378528	2
378529	1
378532	1
378534	1
378535	1
378536	1
378537	2
378541	1
378544	1
378546	1
378547	1
378548	2
378550	3
378555	1
378556	1
378557	3
378558	2
378559	1
378560	1
378561	2
378564	1
378565	2
378566	1
378567	1
378570	1
378571	1
378573	1
378577	1
378578	1
378579	1
378580	2
378581	2
378582	1
378584	3
378587	1
378588	2
378591	1
378592	3
378593	1
378595	1
378597	3
378598	2
378601	2
378603	1
378606	1
378611	1
378612	2
378615	1
378616	1
378620	3
378621	1
378627	1
378629	2
378631	3
378632	1
378634	2
378636	1
378637	1
378638	1
378648	1
378649	1
378650	2
378652	1
378658	1
378659	1
378660	1
378665	1
378667	3
378668	2
378671	1
378672	1
378673	1
378674	2
378677	1
378679	2
378680	1
378684	1
378691	1
378692	1
378702	1
378707	1
378709	2
378710	1
378711	1
378714	1
378719	1
378720	1
378722	1
378727	1
378731	1
378732	1
378733	3
378737	1
378738	2
378741	1
378742	1
378745	1
378746	1
378747	1
378751	1
378752	1
378754	3
378760	1
378762	1
378763	1
378764	1
378768	1
378769	1
378770	2
378771	1
378772	1
378775	1
378777	1
378778	3
378780	2
378782	3
378783	1
378784	2
378788	1
378789	2
378791	1
378793	2
378794	2
378795	1
378796	1
378799	3
378803	1
378805	1
378806	1
378810	2
378812	1
378813	1
378815	1
378816	1
378821	1
378822	2
378823	3
378824	1
378827	1
378829	1
378830	1
378833	1
378836	2
378838	1
378839	1
378840	2
378841	1
378843	2
378844	1
378846	2
378847	1
378850	1
378852	1
378853	1
378854	1
378855	2
378857	1
378858	1
378861	2
378865	1
378869	1
378871	1
378876	2
378877	2
378879	1
378882	1
378890	2
378892	1
378893	3
378894	1
378896	2
378897	1
378898	2
378907	1
378909	1
378912	1
378915	2
378918	1
378921	1
378926	1
378930	1
378931	1
378932	1
378933	1
378935	2
378936	2
378937	1
378938	3
378940	1
378942	2
378943	1
378944	1
378946	1
378948	1
378952	1
378953	1
378955	1
378956	1
378957	2
378958	2
378959	1
378961	1
378966	1
378972	2
378974	1
378976	1
378977	1
378980	1
378981	1
378982	2
378983	2
378984	1
378985	1
378986	1
378987	2
378991	1
378993	2
378996	2
378997	1
379002	1
379004	1
379005	3
379014	1
379015	2
379017	3
379018	1
379023	2
379024	2
379028	1
379033	1
379034	1
379037	1
379038	2
379045	1
379046	2
379051	1
379056	1
379057	2
379059	3
379060	1
379061	1
379062	1
379064	3
379065	1
379071	2
379072	1
379075	1
379078	1
379082	1
379084	1
379088	1
379089	1
379090	1
379091	1
379093	2
379094	1
379096	3
379100	1
379101	2
379108	2
379111	1
379112	1
379115	1
379118	1
379121	1
379122	1
379123	2
379126	2
379127	1
379131	1
379132	1
379133	1
379136	1
379139	2
379143	2
379149	1
379153	1
379154	2
379156	1
379157	1
379159	1
379161	1
379162	1
379163	1
379165	3
379166	1
379173	1
379174	2
379176	1
379182	1
379183	1
379184	3
379190	1
379192	1
379197	1
379200	1
379203	1
379206	2
379209	1
379212	1
379217	1
379220	1
379226	2
379227	1
379232	2
379233	1
379235	1
379236	1
379238	1
379239	1
379240	2
379241	1
379244	1
379249	1
379251	1
379257	1
379258	1
379260	1
379261	1
379263	2
379264	1
379268	2
379271	1
379276	2
379277	2
379278	1
379285	1
379291	1
379293	1
379295	1
379297	1
379298	2
379301	1
379302	1
379304	1
379306	2
379308	1
379311	1
379318	1
379322	1
379325	1
379326	1
379327	1
379328	1
379329	2
379330	1
379331	1
379332	1
379337	1
379338	1
379340	1
379342	1
379344	2
379347	1
379351	1
379352	1
379353	1
379356	2
379357	1
379358	1
379364	1
379368	2
379371	1
379373	2
379377	1
379380	1
379384	1
379386	1
379389	1
379393	1
379395	2
379396	1
379397	1
379398	1
379401	1
379403	1
379411	2
379418	1
379419	1
379421	2
379422	1
379425	1
379428	1
379430	1
379431	1
379434	1
379436	2
379438	1
379439	2
379441	1
379443	2
379449	1
379457	1
379459	1
379462	1
379463	1
379467	1
379468	1
379469	2
379470	1
379475	1
379480	1
379484	1
379490	1
379495	1
379497	1
379499	2
379501	1
379502	1
379504	3
379505	1
379506	1
379509	2
379515	1
379516	1
379517	1
379520	1
379521	1
379530	1
379533	1
379535	1
379542	1
379545	1
379547	1
379557	3
379558	3
379559	1
379560	1
379566	1
379569	1
379570	2
379578	1
379583	3
379585	1
379586	2
379591	1
379592	1
379596	1
379597	1
379601	1
379603	1
379604	1
379605	1
379606	1
379610	1
379612	1
379614	1
379620	1
379628	1
379634	1
379643	1
379644	1
379645	1
379647	1
379653	1
379656	1
379657	1
379659	2
379662	1
379664	2
379669	1
379670	2
379671	1
379674	1
379678	1
379679	1
379684	1
379685	1
379695	1
379700	1
379704	1
379707	1
379708	1
379709	1
379712	1
379715	1
379718	1
379720	1
379722	2
379723	1
379725	1
379731	1
379733	2
379734	2
379735	1
379736	3
379737	1
379738	1
379740	1
379742	1
379743	1
379745	1
379750	2
379754	1
379759	1
379760	1
379761	1
379763	1
379764	1
379767	1
379768	1
379769	1
379770	1
379774	1
379776	1
379783	1
379789	1
379791	1
379792	1
379794	1
379795	1
379798	1
379808	1
379810	1
379815	1
379818	2
379822	1
379824	1
379825	2
379827	1
379829	1
379832	1
379834	1
379840	1
379858	1
379865	1
379867	1
379870	1
379882	1
379884	1
379894	1
379895	1
379897	2
379898	1
379900	1
379904	2
379905	1
379909	1
379910	2
379911	1
379912	1
379919	2
379920	1
379921	1
379925	2
379926	1
379928	1
379933	1
379939	2
379952	1
379954	1
379956	1
379957	2
379958	1
379960	1
379962	1
379964	1
379969	1
379971	1
379972	1
379973	1
379990	1
379991	1
379992	1
379997	1
379998	3
380006	1
380009	2
380011	1
380016	1
380030	1
380031	2
380041	1
380044	1
380045	1
380047	1
380052	1
380059	1
380060	1
380061	1
380071	1
380073	2
380074	1
380082	1
380088	1
380100	1
380102	1
380105	1
380106	1
380109	1
380110	2
380113	1
380115	2
380121	2
380122	1
380128	1
380130	1
380133	1
380134	1
380136	1
380139	1
380144	1
380148	1
380153	2
380155	1
380157	1
380163	2
380167	1
380177	1
380181	1
380185	1
380191	1
380193	2
380194	1
380196	1
380199	1
380200	1
380202	1
380207	1
380209	1
380211	1
380213	3
380215	1
380222	1
380226	1
380228	2
380236	1
380244	1
380252	1
380255	1
380257	1
380259	2
380260	1
380263	1
380264	2
380265	1
380269	1
380271	2
380281	2
380282	1
380285	1
380287	1
380289	1
380297	2
380300	1
380303	3
380306	1
380309	1
380313	1
380316	1
380317	2
380321	2
380331	1
380334	1
380335	1
380336	1
380339	1
380343	1
380344	1
380345	1
380353	1
380356	1
380358	1
380361	1
380368	1
380369	1
380375	1
380378	1
380379	1
380389	1
380391	1
380392	2
380394	1
380397	1
380398	1
380399	1
380407	1
380408	2
380409	2
380414	1
380419	3
380421	1
380424	1
380429	1
380432	1
380433	1
380439	1
380443	1
380446	1
380450	1
380455	1
380457	1
380464	1
380473	1
380475	1
380476	1
380478	1
380496	1
380509	1
380510	1
380513	1
380519	1
380524	1
380527	1
380532	1
380535	1
380542	1
380548	1
380550	2
380552	1
380553	1
380558	1
380561	1
380564	2
380565	2
380567	2
380569	2
380576	1
380582	1
380585	1
380587	1
380591	1
380592	1
380598	1
380608	1
380611	1
380618	1
380619	2
380627	2
380632	1
380633	1
380638	1
380639	1
380642	1
380651	1
380665	1
380669	2
380670	1
380676	1
380677	2
380680	1
380683	2
380686	1
380693	1
380694	1
380701	1
380702	1
380706	1
380711	1
380715	1
380719	1
380720	1
380740	1
380741	1
380752	1
380756	1
380761	1
380772	1
380800	1
380804	1
380809	1
380826	1
380830	1
380849	1
380854	1
380855	1
380860	1
380868	1
380874	1
380875	2
380877	2
380889	1
380897	1
380915	1
380918	1
380921	1
380925	1
380932	2
380933	1
380936	1
380945	1
380950	1
380952	1
380957	1
380964	1
380968	1
380974	1
380977	1
380979	1
380982	1
380996	1
381015	1
381020	1
381037	1
381048	1
381050	1
381052	1
381064	2
381080	1
381085	1
381094	1
381098	1
381125	1
381141	1
381143	1
381147	1
381148	1
381158	1
381160	1
381170	1
381183	1
381189	1
381200	1
381216	1
381220	2
381223	1
381229	1
381232	1
381234	1
381238	1
381247	1
381248	1
381251	1
381256	1
381257	1
381261	1
381266	1
381271	1
381283	1
381285	1
381291	1
381313	1
381318	1
381340	2
381345	1
381350	2
381371	1
381374	1
381380	1
381383	1
381390	1
381391	1
381392	1
381407	1
381433	1
381443	1
381450	1
381455	1
381460	1
381466	1
381468	1
381469	1
381482	1
381484	1
381504	1
381517	1
381520	1
381539	1
381552	1
381578	1
381585	1
381591	1
381610	1
381614	2
381622	1
381623	2
381630	1
381646	2
381672	1
381673	1
381695	1
381716	1
381738	1
381754	1
381778	1
381791	1
381802	1
381804	1
381815	1
381818	1
381824	1
381854	2
381870	1
381873	1
381886	1
381895	1
381905	1
381910	1
381926	1
381959	1
381962	1
381963	1
382019	2
382029	1
382041	1
382058	1
382068	1
382117	1
382129	1
382133	1
382146	1
382147	1
382156	1
382203	1
382210	1
382218	1
382267	1
382273	1
382281	1
382282	1
382290	1
382304	2
382305	1
382320	1
382350	1
382373	1
382379	1
382386	1
382408	1
382436	1
382473	1
382493	1
382503	1
382511	1
382521	1
382530	1
382548	1
382601	1
382671	1
382693	1
382731	1
382751	1
382814	1
382826	1
382827	1
382851	1
382863	1
382917	1
382936	1
382941	1
382955	1
382973	1
383021	1
383049	1
383059	1
383060	1
383063	1
383107	1
383208	1
383312	1
383314	1
383353	1
383382	1
383388	1
383405	1
383439	1
383486	1
383497	1
383558	1
383593	1
383599	1
383601	1
383661	1
383669	1
383714	1
383787	1
383936	1
383977	1
383987	1
384011	1
384219	1
384378	1
384431	1
384492	1
384535	1
384637	1
384759	1
384862	1
385048	1
385248	1
385740	1
385753	1
