4950	0.010472556379542178	0.94915061250424
4960	0.010519274583691934	0.951068088489098
4974	0.010630468430823643	0.953752554867897
4984	0.010755199554383567	0.955670030852754
4992	0.010809231310012461	0.95720401164064
4994	0.010882419814348574	0.957587506837612
4997	0.010992876227252818	0.958162749633069
5004	0.011091646644942802	0.959504982822469
5012	0.01114736980711187	0.961038963610354
5013	0.0112676289154985	0.96123071120884
5019	0.01133098425439017	0.962381196799754
5022	0.011446802408376665	0.962956439595211
5030	0.011504330393307715	0.964490420383097
5032	0.011583028701731194	0.964873915580068
5033	0.011708979731683427	0.965065663178554
5034	0.011836661013976025	0.96525741077704
5053	0.011900133556664355	0.968900615148268
5057	0.01197460880455585	0.969667605542211
5064	0.01208316285947602	0.971009838731611
5066	0.012166447005726088	0.971393333928582
5068	0.012342013074945705	0.971776829125554
5090	0.01244219749522909	0.975995276292239
5094	0.01252040216534667	0.976762266686182
5099	0.012643113790992715	0.977721004678611
5113	0.012777722863980207	0.98040547105741
5123	0.012833662168739867	0.982322947042267
5132	0.012942314218973652	0.984048675428639
5137	0.013070167373127231	0.985007413421067
5138	0.013215013888593908	0.985199161019553
5140	0.013307163953754269	0.985582656216525
5142	0.013400074507352228	0.985966151413496
5146	0.01348492968819483	0.986733141807439
5147	0.013636076838368491	0.986924889405924
5152	0.013770338629348245	0.987883627398353
5153	0.013818947092310638	0.988075374996839
5154	0.013973870353065592	0.988267122595324
5158	0.014062875647618364	0.989034112989267
5159	0.014221093147279509	0.989225860587753
5161	0.014321555727178402	0.989609355784724
5163	0.014422848259752402	0.989992850981696
5164	0.01447414781324408	0.990184598580181
5165	0.01463861538721743	0.990376346178667
5166	0.014690808120802309	0.990568093777153
5171	0.014838452984417506	0.991526831769581
5172	0.015007117549091639	0.991718579368067
5175	0.015167553793141797	0.992293822163524
5176	0.015221910046537519	0.99248556976201
5179	0.015385012691644709	0.993060812557467
5181	0.015495089137259175	0.993444307754438
5182	0.015550789874615441	0.993636055352924
5183	0.015729725510564924	0.99382780295141
5184	0.01591046283180884	0.994019550549895
5185	0.015968518615349217	0.994211298148381
5187	0.016083435011340495	0.994594793345353
5191	0.016188321850395086	0.995361783739295
5192	0.01637518847229227	0.995553531337781
5193	0.016564610639909758	0.995745278936267
5194	0.016624715814357184	0.995937026534752
5197	0.01680527407982058	0.99651226933021
5201	0.01691533895940716	0.997279259724152
5202	0.01711198610935059	0.997471007322638
5207	0.01714911091790851	0.998429745315067
5208	0.017349437968749618	0.998621492913552
5213	0.01752588171345122	0.999580230905981
5214	0.01759225605832351	0.999771978504467
5215	0.017798430515925723	0.999963726102952
5216	0.01786352479858501	1.00015547370144
5217	0.018072749403620005	1.00034722129992
5218	0.01828480564694534	1.00053896889841
5219	0.018351897770980386	1.0007307164969
5222	0.018554219147086097	1.00130595929235
5223	0.018622397790311048	1.00149770689084
5224	0.01884177325317862	1.00168945448932
5228	0.018966267680669963	1.00245644488327
5230	0.019106790431741304	1.00283994008024
5235	0.019302856824435582	1.00379867807267
5237	0.01944491949671602	1.00418217326964
5238	0.019675644667231644	1.00437392086812
5239	0.019748324304106453	1.00456566846661
5240	0.019983066886294375	1.00475741606509
5241	0.02005698792563902	1.00494916366358
5244	0.02027996103149503	1.00552440645904
5245	0.02052114106312144	1.00571615405752
5246	0.02059722007510793	1.00590790165601
5250	0.020903465621770374	1.00667489204995
5251	0.02098160783902503	1.00686663964844
5252	0.02123250992415043	1.00705838724692
5253	0.021311961296007084	1.00725013484541
5256	0.021550014975731915	1.00782537764087
5258	0.021710108016549934	1.00820887283784
5259	0.021971003779197952	1.00840062043632
5261	0.022134978327602795	1.00878411563329
5262	0.022218514435620954	1.00897586323178
5263	0.02248489376987096	1.00916761083027
5264	0.022569805394369043	1.00935935842875
5265	0.02284231180881257	1.00955110602724
5266	0.02292756103932592	1.00974285362572
5267	0.023203085514702262	1.00993460122421
5269	0.023376236939750442	1.01031809642118
5272	0.023638237824709783	1.01089333921664
5274	0.023816343624686643	1.01127683441361
5276	0.023994774459889026	1.01166032961058
5278	0.024175100797448505	1.01204382480755
5279	0.02446701526539437	1.01223557240604
5281	0.02464997338495342	1.01261906760301
5283	0.02483691056164041	1.01300256279998
5284	0.025138705401074907	1.01319431039847
5285	0.02523385901036436	1.01338605799695
5286	0.02553909738488197	1.01357780559544
5287	0.02563527431574254	1.01376955319392
5288	0.025945563159173464	1.01396130079241
5289	0.026042788271544843	1.01415304839089
5290	0.026359203268056658	1.01434479598938
5292	0.026556673172472667	1.01472829118635
5293	0.02687797997083046	1.01492003878484
5294	0.026978754664208827	1.01511178638332
5295	0.02730632529260943	1.01530353398181
5296	0.02740971992002656	1.01549528158029
5297	0.02774260817691532	1.01568702917878
5298	0.027847638087551925	1.01587877677727
5299	0.02818541242739727	1.01607052437575
5300	0.028291106245345688	1.01626227197424
5303	0.02860955209780331	1.01683751476969
5304	0.02895616359188085	1.01702926236818
5307	0.029042486236980497	1.01760450516364
5308	0.029394800481203187	1.01779625276212
5309	0.02975092526049964	1.01798800036061
5310	0.02986339961771451	1.01817974795909
5311	0.030225197430863923	1.01837149555758
5312	0.030338438899265963	1.01856324315607
5314	0.030566160316987688	1.01894673835304
5315	0.030936410214040425	1.01913848595152
5317	0.031169001204123133	1.01952198114849
5319	0.03140472550057626	1.01990547634547
5320	0.03178639641434685	1.02009722394395
5321	0.03190578987230406	1.02028897154244
5322	0.032292914065919394	1.02048071914092
5323	0.03241606230915728	1.02067246673941
5324	0.03280966593521586	1.02086421433789
5325	0.032932731801414566	1.02105596193638
5326	0.03333144118996536	1.02124770953487
5327	0.03373532169639657	1.02143945713335
5328	0.033861695662430885	1.02163120473184
5329	0.03427127962639506	1.02182295233032
5330	0.03440146387477529	1.02201469992881
5331	0.03481776778095031	1.02220644752729
5332	0.03494748760212949	1.02239819512578
5333	0.03537105201756205	1.02258994272427
5334	0.035797591720225404	1.02278169032275
5335	0.035932648475309546	1.02297343792124
5337	0.03620082811065786	1.02335693311821
5339	0.03647086159019196	1.02374042831518
5340	0.0369103780988044	1.02393217591367
5341	0.03704880180616232	1.02412392351215
5342	0.037496278584125055	1.02431567111064
5343	0.03794739786722644	1.02450741870912
5344	0.03808797347736872	1.02469916630761
5345	0.0385452844066258	1.02489091390609
5346	0.03868837889153195	1.02508266150458
5347	0.039153821373769694	1.02527440910307
5348	0.039299451496973545	1.02546615670155
5349	0.039770742006423665	1.02565790430004
5350	0.040247740820311316	1.02584965189852
5351	0.04039613165948035	1.02604139949701
5352	0.04088002862018355	1.02623314709549
5353	0.04103147402052234	1.02642489469398
5354	0.04152139977883591	1.02661664229247
5355	0.04167498512157934	1.02680838989095
5356	0.042172401537735486	1.02700013748944
5357	0.042328146002211506	1.02719188508792
5358	0.04283404237449657	1.02738363268641
5359	0.043344479055578464	1.02757538028489
5362	0.043466957081063726	1.02815062308035
5363	0.043984138731723035	1.02834237067884
5364	0.04414488860301548	1.02853411827732
5365	0.04466840237745055	1.02872586587581
5366	0.04483184686770225	1.02891761347429
5367	0.04536452863479736	1.02910936107278
5368	0.04590101062032163	1.02930110867127
5369	0.046068900856954566	1.02949285626975
5371	0.046405822504922915	1.02987635146672
5372	0.04695508077075787	1.03006809906521
5373	0.04712679177635758	1.03025984666369
5374	0.04768540756425047	1.03045159426218
5375	0.047861267715041594	1.03064334186067
5376	0.04842470249538365	1.03083508945915
5377	0.04899398610807513	1.03102683705764
5378	0.04917259131468208	1.03121858465612
5379	0.04975048338249108	1.03141033225461
5380	0.04993099329890433	1.03160207985309
5381	0.050515263330519394	1.03179382745158
5382	0.050698156437569135	1.03198557505007
5383	0.051290700477743624	1.03217732264855
5384	0.05188927157684447	1.03236907024704
5385	0.05207687431887666	1.03256081784552
5386	0.05268291281446864	1.03275256544401
5387	0.05287203729767785	1.03294431304249
5388	0.053486063003591426	1.03313606064098
5389	0.053679468227490916	1.03332780823947
5390	0.05430290982333253	1.03351955583795
5391	0.05449650708056183	1.03371130343644
5392	0.05512714580774447	1.03390305103492
5393	0.05576494685255235	1.03409479863341
5394	0.05596250193291857	1.03428654623189
5395	0.0566071548480975	1.03447829383038
5396	0.05680723732186344	1.03467004142886
5397	0.057460170448657366	1.03486178902735
5398	0.0576627991751416	1.03505353662584
5399	0.05832407364393566	1.03524528422432
5400	0.058529721820848375	1.03543703182281
5401	0.05919894434676496	1.03562877942129
5402	0.05987736597648443	1.03582052701978
5403	0.060090308563528955	1.03601227461826
5404	0.060777236443154664	1.03620402221675
5405	0.06099007159117575	1.03639576981524
5406	0.06168330124295964	1.03658751741372
5407	0.06189877177113438	1.03677926501221
5408	0.06260153949184458	1.03697101261069
5409	0.06331231583838065	1.03716276020918
5410	0.06353474622699337	1.03735450780766
5411	0.06425335343727058	1.03754625540615
5412	0.0644775638808245	1.03773800300464
5413	0.06520451692330123	1.03792975060312
5414	0.06543097969011444	1.03812149820161
5415	0.06616588790034357	1.03831324580009
5416	0.06639462238805757	1.03850499339858
5417	0.06713890362353969	1.03869674099706
5418	0.0678909599030307	1.03888848859555
5419	0.06812409499393882	1.03908023619404
5420	0.06888382333510717	1.03927198379252
5421	0.06912063736023699	1.03946373139101
5422	0.06989080788544103	1.03965547898949
5423	0.07013086691675145	1.03984722658798
5424	0.07091108698930279	1.04003897418646
5425	0.07169744915984602	1.04023072178495
5426	0.07194609069206916	1.04042246938344
5427	0.07274035261795196	1.04061421698192
5428	0.0729882304072422	1.04080596458041
5429	0.07379360953534056	1.04099771217889
5430	0.07404525155779934	1.04118945977738
5431	0.07486000360014208	1.04138120737586
5432	0.07511317512487896	1.04157295497435
5433	0.07593736024736375	1.04176470257284
5434	0.0767674575637607	1.04195645017132
5435	0.07702710959994867	1.04214819776981
5436	0.07786764586709632	1.04233994536829
5437	0.0781302295440238	1.04253169296678
5438	0.07898081342067928	1.04272344056526
5439	0.07924499730358643	1.04291518816375
5440	0.0801047884013238	1.04310693576224
5441	0.08037194096049326	1.04329868336072
5442	0.08124279723942833	1.04349043095921
5443	0.08212023307839562	1.04368217855769
5444	0.08239401666415694	1.04387392615618
5445	0.08328082276995906	1.04406567375466
5446	0.08355672567240902	1.04425742135315
5447	0.08445341040210524	1.04444916895164
5448	0.08473459558791718	1.04464091655012
5449	0.08564166599540521	1.04483266414861
5450	0.08655683284545233	1.04502441174709
5451	0.08684117327050452	1.04521615934558
5452	0.08776503237068875	1.04540790694406
5453	0.08805200945505263	1.04559965454255
5454	0.08898776099463672	1.04579140214104
5455	0.08927784120988037	1.04598314973952
5456	0.09022329799640483	1.04617489733801
5457	0.09051605032602313	1.04636664493649
5458	0.0914708213159466	1.04655839253498
5459	0.09243344931522765	1.04675014013346
5460	0.09273533886763521	1.04694188773195
5461	0.0937078296826353	1.04713363533044
5462	0.09400974884165161	1.04732538292892
5463	0.09499484890682919	1.04751713052741
5464	0.09530085019505981	1.04770887812589
5465	0.09629368446207305	1.04790062572438
5466	0.09660602500993747	1.04809237332286
5467	0.09761023439329972	1.04828412092135
5468	0.09862340057956157	1.04847586851984
5469	0.09894053666062275	1.04866761611832
5470	0.0999638306032355	1.04885936371681
5471	0.10028108043570583	1.04905111131529
5472	0.10131455726250031	1.04924285891378
5473	0.10163552076978247	1.04943460651226
5474	0.10268102516538984	1.04962635411075
5475	0.1030057183558857	1.04981810170924
5476	0.10406196039282725	1.05000984930772
5477	0.10512467012913425	1.05020159690621
5478	0.10545385248394669	1.05039334450469
5479	0.10652918345289901	1.05058509210318
5480	0.10686258745717184	1.05077683970166
5481	0.10794790698487358	1.05096858730015
5482	0.10828465360377229	1.05116033489864
5483	0.10938180247282041	1.05135208249712
5484	0.11048601738706544	1.05154383009561
5485	0.11083048890482165	1.05173557769409
5486	0.11194751657127296	1.05192732529258
5487	0.11229581982104554	1.05211907289106
5488	0.11342302760353914	1.05231082048955
5489	0.11377562441265272	1.05250256808804
5490	0.11491440259011648	1.05269431568652
5491	0.11526773296438184	1.05288606328501
5492	0.11641634329110076	1.05307781088349
5493	0.11757264817840155	1.05326955848198
5494	0.1179302548879416	1.05346130608046
5495	0.11909826402270496	1.05365305367895
5496	0.11946379245891667	1.05384480127744
5497	0.12064935659019278	1.05403654887592
5498	0.12101656732289091	1.05422829647441
5499	0.12220722949761384	1.05442004407289
5500	0.12257792341126256	1.05461179167138
5501	0.12378265881861736	1.05480353926986
5502	0.12499570364711614	1.05499528686835
5503	0.12537302346800105	1.05518703446684
5504	0.1265962021257526	1.05537878206532
5505	0.12697436492975003	1.05557052966381
5506	0.12821218249469613	1.05576227726229
5507	0.12859566291491953	1.05595402486078
5508	0.1298423613518559	1.05614577245926
5509	0.13109972274102283	1.05633752005775
5510	0.13149214434345968	1.05652926765624
5511	0.13276247262780125	1.05672101525472
5512	0.1331566769653349	1.05691276285321
5513	0.1344364447391795	1.05710451045169
5514	0.1348364565408724	1.05729625805018
5515	0.13612704041756335	1.05748800564866
5516	0.136527967594228	1.05767975324715
5517	0.13783029707360278	1.05787150084564
5518	0.1391434288985456	1.05806324844412
5519	0.1395520561567726	1.05825499604261
5520	0.14087476914181266	1.05844674364109
5521	0.14128657091572241	1.05863849123958
5522	0.14262112791136497	1.05883023883806
5523	0.1430347784564451	1.05902198643655
5524	0.14438299446709918	1.05921373403504
5525	0.14574032879403556	1.05940548163352
5526	0.14616486364087067	1.05959722923201
5527	0.14753145961784886	1.05978897683049
5528	0.1479560890963738	1.05998072442898
5529	0.14933420423362054	1.06017247202746
5530	0.14976383496700257	1.06036421962595
5531	0.15115750379282306	1.06055596722444
5532	0.15159214326162943	1.06074771482292
5533	0.1529947170321102	1.06093946242141
5534	0.15440874053092873	1.06113121001989
5535	0.15484810380363048	1.06132295761838
5536	0.1562737483789235	1.06151470521686
5537	0.1567154724376471	1.06170645281535
5538	0.15815231762634	1.06189820041384
5539	0.1585977442480337	1.06208994801232
5540	0.16005070461366755	1.06228169561081
5541	0.16050206309030254	1.06247344320929
5542	0.16196404404541362	1.06266519080778
5543	0.16343577747515706	1.06285693840626
5544	0.16389236209325972	1.06304868600475
5545	0.16537581862919673	1.06324043360324
5546	0.16583657187955608	1.06343218120172
5547	0.1673308799087322	1.06362392880021
5548	0.1677949177034974	1.06381567639869
5549	0.16930586957974014	1.06400742399718
5550	0.17082395510164916	1.06419917159566
5551	0.1712959169074077	1.06439091919415
5552	0.17282622592747704	1.06458266679264
5553	0.17330148255899197	1.06477441439112
5554	0.17484180557044818	1.06496616198961
5555	0.17531991616081172	1.06515790958809
5556	0.17687603617059097	1.06534965718658
5557	0.17735922311158614	1.06554140478506
5558	0.1789271504267694	1.06573315238355
5559	0.18050446813077006	1.06592489998203
5560	0.1809933800361318	1.06611664758052
5561	0.1825838463425365	1.06630839517901
5562	0.18307783750089338	1.06650014277749
5563	0.1846801234284462	1.06669189037598
5564	0.18517475629490013	1.06688363797446
5565	0.18678753227534375	1.06707538557295
5566	0.1872881318013674	1.06726713317143
5567	0.1889140591832278	1.06745888076992
5568	0.19054938158874835	1.06765062836841
5569	0.19105526362124028	1.06784237596689
5570	0.1927059485180787	1.06803412356538
5571	0.19321557461358096	1.06822587116386
5572	0.19487673706173878	1.06841761876235
5573	0.19539276499427274	1.06860936636083
5574	0.1970639541604044	1.06880111395932
5575	0.19758283353636552	1.06899286155781
5576	0.19926847285164073	1.06918460915629
5577	0.20095904639815249	1.06937635675478
5578	0.20148717441416125	1.06956810435326
5579	0.20319527717184413	1.06975985195175
5580	0.2037253583009841	1.06995159955023
5581	0.20544299756160705	1.07014334714872
5582	0.20597547030601873	1.07033509474721
5583	0.20770838813966644	1.07052684234569
5584	0.209447967009737	1.07071858994418
5585	0.2099887645616639	1.07091033754266
5586	0.21174048454644798	1.07110208514115
5587	0.2122845412530389	1.07129383273963
5588	0.21404749317641816	1.07148558033812
5589	0.2145925876927785	1.07167732793661
5590	0.21637205857606825	1.07186907553509
5591	0.21692260950575382	1.07206082313358
5592	0.21871193002785957	1.07225257073206
5593	0.22050693551624315	1.07244431833055
5594	0.2210648554904762	1.07263606592903
5595	0.22287231279869554	1.07282781352752
5596	0.22343344857831157	1.07301956112601
5597	0.225254208112638	1.07321130872449
5598	0.22581899093461852	1.07340305632298
5599	0.22765213091549624	1.07359480392146
5600	0.22822231796882766	1.07378655151995
5601	0.23006647250219384	1.07397829911843
5602	0.23192281650257718	1.07417004671692
5603	0.2324971786678343	1.07436179431541
5604	0.23436402097629758	1.07455354191389
5605	0.2349437500832425	1.07474528951238
5606	0.23682016183799934	1.07493703711086
5607	0.23740303260508844	1.07512878470935
5608	0.23929382909225685	1.07532053230783
5609	0.24119314462094454	1.07551227990632
5610	0.24177876974774112	1.07570402750481
5611	0.24369193773529563	1.07589577510329
5612	0.24428154504117044	1.07608752270178
5613	0.24620497616551187	1.07627927030026
5614	0.24680119872732315	1.07647101789875
5615	0.24873395351009844	1.07666276549723
5616	0.24933323879984795	1.07685451309572
5617	0.2512792341495337	1.07704626069421
5618	0.25323266129784316	1.07723800829269
5619	0.2538394128445077	1.07742975589118
5620	0.2558050874856363	1.07762150348966
5621	0.25641219925765896	1.07781325108815
5622	0.2583865245156206	1.07800499868663
5623	0.25899839128518287	1.07819674628512
5624	0.2609874794462798	1.07838849388361
5625	0.2629842508894914	1.07858024148209
5626	0.2636021215700875	1.07877198908058
5627	0.2656108817309551	1.07896373667906
5628	0.26623168029941907	1.07915548427755
5629	0.2682523545843975	1.07934723187603
5630	0.2688787043674178	1.07953897947452
5631	0.27090680479626095	1.07973072707301
5632	0.2715320653334499	1.07992247467149
5633	0.27357545290036017	1.08011422226998
5634	0.2756249230266911	1.08030596986846
5635	0.27626083822239667	1.08049771746695
5636	0.2783223621622874	1.08068946506543
5637	0.27896196837932036	1.08088121266392
5638	0.28103501932585906	1.08107296026241
5639	0.2816765262702161	1.08126470786089
5640	0.28376101627329625	1.08145645545938
5641	0.28440571886154686	1.08164820305786
5642	0.28649803233784443	1.08183995065635
5643	0.2885991955590773	1.08203169825483
5644	0.289249913490698	1.08222344585332
5645	0.2913609396245086	1.08241519345181
5646	0.2920138924970538	1.08260694105029
5647	0.2941311618907692	1.08279868864878
5648	0.29478896275654487	1.08299043624726
5649	0.2969189841784466	1.08318218384575
5650	0.2990593364453804	1.08337393144423
5651	0.29972030985744474	1.08356567904272
5652	0.3018679499234918	1.08375742664121
5653	0.3025323628953936	1.08394917423969
5654	0.3046924695356713	1.08414092183818
5655	0.30536204954018714	1.08433266943666
5656	0.30753187406019666	1.08452441703515
5657	0.30820394631482556	1.08471616463363
5658	0.31038558012817546	1.08490791223212
5659	0.31257363338127814	1.08509965983061
5660	0.31324904234123124	1.08529140742909
5661	0.31544166837655235	1.08548315502758
5662	0.3161207948600124	1.08567490262606
5663	0.3183244787348805	1.08586665022455
5664	0.31900640691777804	1.08605839782303
5665	0.3212205915503044	1.08625014542152
5666	0.32190352611448914	1.08644189302001
5667	0.3241258941278109	1.08663364061849
5668	0.32635909461581947	1.08682538821698
5669	0.3270485829940311	1.08701713581546
5670	0.3292849169854245	1.08720888341395
5671	0.32997574890482917	1.08740063101243
5672	0.3322212480442211	1.08759237861092
5673	0.33291646172547595	1.08778412620941
5674	0.33517187879156485	1.08797587380789
5675	0.3358679193146685	1.08816762140638
5676	0.3381331263640824	1.08835936900486
5677	0.340401236750694	1.08855111660335
5678	0.34110350432833497	1.08874286420183
5679	0.34338293226092637	1.08893461180032
5680	0.34408767344771946	1.08912635939881
5681	0.3463725763763935	1.08931810699729
5682	0.34708282406916174	1.08950985459578
5683	0.3493770204759007	1.08970160219426
5684	0.3516759344077263	1.08989334979275
5685	0.35238906120220603	1.09008509739123
5686	0.3546974667249862	1.09027684498972
5687	0.3554133486857144	1.09046859258821
5688	0.3577306676771	1.09066034018669
5689	0.3584492615850912	1.09085208778518
5690	0.3607757922867123	1.09104383538366
5691	0.36149661562785046	1.09123558298215
5692	0.36382958353913697	1.09142733058063
5693	0.36616763639863303	1.09161907817912
5694	0.3668874687399546	1.09181082577761
5695	0.3692308292922227	1.09200257337609
5696	0.36995759491452435	1.09219432097458
5697	0.37230918781027805	1.09238606857306
5698	0.37303538523683205	1.09257781617155
5699	0.37539330962947415	1.09276956377003
5700	0.37611977156847776	1.09296131136852
5701	0.37848256464753466	1.09315305896701
5702	0.3808521003521624	1.09334480656549
5703	0.38158245766374693	1.09353655416398
5704	0.3839579129070385	1.09372830176246
5705	0.38469191456251134	1.09392004936095
5706	0.3870753289401619	1.09411179695943
5707	0.3878072314628514	1.09430354455792
5708	0.3901953852871506	1.09449529215641
5709	0.39258940460757163	1.09468703975489
5710	0.39332795884991273	1.09487878735338
5711	0.3957290737042593	1.09507053495186
5712	0.39646934149371016	1.09526228255035
5713	0.3988721409294861	1.09545403014883
5714	0.39961363683876505	1.09564577774732
5715	0.40202409599650707	1.0958375253458
5716	0.40276720967847446	1.09602927294429
5717	0.40518385700667914	1.09622102054278
5718	0.40760492255615943	1.09641276814126
5719	0.4083534053165918	1.09660451573975
5720	0.4107760017728825	1.09679626333823
5721	0.4115220288878465	1.09698801093672
5722	0.41395037418782576	1.0971797585352
5723	0.41469696096011505	1.09737150613369
5724	0.41713045680370964	1.09756325373218
5725	0.41956659714802663	1.09775500133066
5726	0.4203169141732003	1.09794674892915
5727	0.422758794548447	1.09813849652763
5728	0.4235073479062678	1.09833024412612
5729	0.42595130712673074	1.0985219917246
5730	0.4267032957147448	1.09871373932309
5731	0.42915485545145954	1.09890548692158
5732	0.4299102279783977	1.09909723452006
5733	0.43236528849449707	1.09928898211855
5734	0.4348245847813102	1.09948072971703
5735	0.43558064259576246	1.09967247731552
5736	0.4380383418829196	1.099864224914
5737	0.4387989546354022	1.10005597251249
5738	0.4412610113064775	1.10024772011098
5739	0.44202219444731916	1.10043946770946
5740	0.44449237465397534	1.10063121530795
5741	0.44525320343589064	1.10082296290643
5742	0.44772129255304793	1.10101471050492
5743	0.4501947599742178	1.1012064581034
5744	0.45095715946916476	1.10139820570189
5745	0.453435667594347	1.10158995330038
5746	0.4542006294631663	1.10178170089886
5747	0.45667746093282285	1.10197344849735
5748	0.45744318725959454	1.10216519609583
5749	0.45992166917750593	1.10235694369432
5750	0.4624067916556385	1.1025486912928
5751	0.46317069295628654	1.10274043889129
5752	0.46565629654600943	1.10293218648978
5753	0.46642343959996196	1.10312393408826
5754	0.4689084842884303	1.10331568168675
5755	0.4696770715090451	1.10350742928523
5756	0.4721666258100089	1.10369917688372
5757	0.4729348601570039	1.1038909244822
5758	0.47542613767220265	1.10408267208069
5759	0.47791558705097686	1.10427441967918
5760	0.47868592838075547	1.10446616727766
5761	0.48118160147549954	1.10465791487615
5762	0.4819470872643971	1.10484966247463
5763	0.4844383496744	1.10504141007312
5764	0.48520547090869054	1.1052331576716
5765	0.4877043630874781	1.10542490527009
5766	0.48847219533030645	1.10561665286858
5767	0.490967213463372	1.10580840046706
5768	0.49346589323323875	1.10600014806555
5769	0.4942353992221735	1.10619189566403
5770	0.49673383106744945	1.10638364326252
5771	0.4975039054826259	1.106575390861
5772	0.500000178862039	1.10676713845949
5773	0.5007694634048855	1.10695888605798
5774	0.5032703811871801	1.10715063365646
5775	0.5040414378631972	1.10734238125495
5776	0.5065381195001404	1.10753412885343
5777	0.5090378466734866	1.10772587645192
5778	0.5098114497879721	1.1079176240504
5779	0.5123083874406806	1.10810937164889
5780	0.5130770888080668	1.10830111924738
5781	0.515575424540891	1.10849286684586
5782	0.5163422220950311	1.10868461444435
5783	0.5188365648498903	1.10887636204283
5784	0.5213356449040347	1.10906810964132
5785	0.5221024729857172	1.1092598572398
5786	0.5245990063641633	1.10945160483829
5787	0.5253698825446771	1.10964335243678
5788	0.5278654435007827	1.10983510003526
5789	0.5286333543824839	1.11002684763375
5790	0.531128647054376	1.11021859523223
5791	0.5318944129168474	1.11041034283072
5792	0.5343879664821193	1.1106020904292
5793	0.5368782525813182	1.11079383802769
5794	0.5376444914627211	1.11098558562618
5795	0.5401349211995325	1.11117733322466
5796	0.5408980069295315	1.11136908082315
5797	0.5433871107790393	1.11156082842163
5798	0.544152645411348	1.11175257602012
5799	0.5466372158758845	1.1119443236186
5800	0.5474003672843331	1.11213607121709
5801	0.5498828492657791	1.11232781881558
5802	0.5523666804531209	1.11251956641406
5803	0.5531329234160728	1.11271131401255
5804	0.5556100316579808	1.11290306161103
5805	0.5563728849168856	1.11309480920952
5806	0.5588487570467872	1.113286556808
5807	0.5596107783075618	1.11347830440649
5808	0.5620861203405373	1.11367005200498
5809	0.5645627750535165	1.11386179960346
5810	0.5653258178370737	1.11405354720195
5811	0.5677938390929614	1.11424529480043
5812	0.5685567814461454	1.11443704239892
5813	0.5710216549964476	1.1146287899974
5814	0.5717792382623851	1.11482053759589
5815	0.5742429748686495	1.11501228519438
5816	0.5750016625410942	1.11520403279286
5817	0.5774614977087859	1.11539578039135
5818	0.5799207563249427	1.11558752798983
5819	0.5806752795925403	1.11577927558832
5820	0.5831294887142298	1.1159710231868
5821	0.5838836801785398	1.11616277078529
5822	0.5863318150289768	1.11635451838378
5823	0.5870851927369339	1.11654626598226
5824	0.589532735894715	1.11673801358075
5825	0.5919744758626875	1.11692976117923
5826	0.5927242392312247	1.11712150877772
5827	0.5951629426972398	1.1173132563762
5828	0.5959117606485178	1.11750500397469
5829	0.5983481391251779	1.11769675157318
5830	0.5990937965245544	1.11788849917166
5831	0.6015229266820816	1.11808024677015
5832	0.6022645106909736	1.11827199436863
5833	0.6046892741832708	1.11846374196712
5834	0.6071102732331626	1.1186554895656
5835	0.6078543500496044	1.11884723716409
5836	0.6102720123375719	1.11903898476258
5837	0.6110131873796378	1.11923073236106
5838	0.6134256281297235	1.11942247995955
5839	0.6141655886554397	1.11961422755803
5840	0.6165696253504048	1.11980597515652
5841	0.6173065932574715	1.119997722755
5842	0.6197033769081188	1.12018947035349
5843	0.6220958466846169	1.12038121795198
5844	0.6228292881979173	1.12057296555046
5845	0.6252198721765546	1.12076471314895
5846	0.6259510627986646	1.12095646074743
5847	0.6283326859506604	1.12114820834592
5848	0.6290672085387397	1.1213399559444
5849	0.6314410239772195	1.12153170354289
5850	0.6321701764908716	1.12172345114138
5851	0.6345403674111014	1.12191519873986
5852	0.6369048444915769	1.12210694633835
5853	0.6376313936714272	1.12229869393683
5854	0.6399876644320324	1.12249044153532
5855	0.6407117527127668	1.1226821891338
5856	0.6430661638194973	1.12287393673229
5857	0.6437873152160004	1.12306568433078
5858	0.646135830886824	1.12325743192926
5859	0.6484764927646813	1.12344917952775
5860	0.6491951850509302	1.12364092712623
5861	0.6515314336595843	1.12383267472472
5862	0.6522457744064872	1.1240244223232
5863	0.6545718504233805	1.12421616992169
5864	0.6552865537058857	1.12440791752018
5865	0.6576062108880703	1.12459966511866
5866	0.6583169119568977	1.12479141271715
5867	0.6606282852163563	1.12498316031563
5868	0.6629330332531926	1.12517490791412
5869	0.6636413550311914	1.1253666555126
5870	0.6659406060067353	1.12555840311109
5871	0.6666465410978472	1.12575015070958
5872	0.668933681543286	1.12594189830806
5873	0.6696384858365535	1.12613364590655
5874	0.6719220237379001	1.12632539350503
5875	0.6726243607878565	1.12651714110352
5876	0.6748981182896809	1.126708888702
5877	0.6771634739955135	1.12690063630049
5878	0.6778596385793157	1.12709238389897
5879	0.6801214636151081	1.12728413149746
5880	0.6808167798980741	1.12747587909595
5881	0.6830680389126548	1.12766762669443
5882	0.6837564254445871	1.12785937429292
5883	0.6859991519888873	1.1280511218914
5884	0.6882357021984127	1.12824286948989
5885	0.6889206838472383	1.12843461708837
5886	0.6911471883477899	1.12862636468686
5887	0.6918285904306138	1.12881811228535
5888	0.6940457908732204	1.12900985988383
5889	0.6947248711068301	1.12920160748232
5890	0.6969339412604941	1.1293933550808
5891	0.6976085067127615	1.12958510267929
5892	0.6998097587290599	1.12977685027777
5893	0.7020013754777872	1.12996859787626
5894	0.7026730902806821	1.13016034547475
5895	0.7048553888417856	1.13035209307323
5896	0.7055250781828695	1.13054384067172
5897	0.707700099095531	1.1307355882702
5898	0.7083660037707699	1.13092733586869
5899	0.7105301851679616	1.13111908346717
5900	0.7126844037809175	1.13131083106566
5901	0.713343778842667	1.13150257866415
5902	0.7154899793516921	1.13169432626263
5903	0.7161476320629685	1.13188607386112
5904	0.7182861356973816	1.1320778214596
5905	0.7189390172671104	1.13226956905809
5906	0.7210675625338567	1.13246131665657
5907	0.7217208098496676	1.13265306425506
5908	0.7238397217629055	1.13284481185355
5909	0.72595172567601	1.13303655945203
5910	0.7265960172019714	1.13322830705052
5911	0.7286947609876603	1.133420054649
5912	0.7293371780709593	1.13361180224749
5913	0.7314260060788509	1.13380354984597
5914	0.7320678092877921	1.13399529744446
5915	0.7341466222541744	1.13418704504295
5916	0.7347847681734921	1.13437879264143
5917	0.7368534688897604	1.13457054023992
5918	0.7389118868143404	1.1347622878384
5919	0.7395412584021944	1.13495403543689
5920	0.7415906880172457	1.13514578303537
5921	0.742216754489497	1.13533753063386
5922	0.7442558125514994	1.13552927823235
5923	0.7448802668122868	1.13572102583083
5924	0.7469054221528442	1.13591277342932
5925	0.7489239031865503	1.1361045210278
5926	0.749540692266879	1.13629626862629
5927	0.7515489866878197	1.13648801622477
5928	0.7521593604456932	1.13667976382326
5929	0.754155663628207	1.13687151142175
5930	0.7547720642590342	1.13706325902023
5931	0.7567558629771076	1.13725500661872
5932	0.7573632190262922	1.1374467542172
5933	0.7593387309132643	1.13763850181569
5934	0.7613025355895993	1.13783024941417
5935	0.761903735891271	1.13802199701266
5936	0.76385653660712	1.13821374461115
5937	0.7644533566168855	1.13840549220963
5938	0.7663955073712937	1.13859723980812
5939	0.7669896431548141	1.1387889874066
5940	0.768920640566473	1.13898073500509
5941	0.7695112109806431	1.13917248260357
5942	0.7714305540454164	1.13936423020206
5943	0.7733404994252832	1.13955597780055
5944	0.7739238691965592	1.13974772539903
5945	0.7758237564010853	1.13993947299752
5946	0.7764060797354572	1.140131220596
5947	0.7782889739836739	1.14032296819449
5948	0.7788659385707472	1.14051471579297
5949	0.7807403623771865	1.14070646339146
5950	0.7813140956458141	1.14089821098995
5951	0.783176982260502	1.14108995858843
5952	0.7850315252912995	1.14128170618692
5953	0.7855961814267215	1.1414734537854
5954	0.7874373673120335	1.14166520138389
5955	0.7880004599016195	1.14185694898237
5956	0.7898303781088956	1.14204869658086
5957	0.7903884586111907	1.14224044417935
5958	0.7922040533033672	1.14243219177783
5959	0.7940128611319693	1.14262393937632
5960	0.7945643308607967	1.1428156869748
5961	0.7963600124190576	1.14300743457329
5962	0.7969102878541908	1.14319918217177
5963	0.7986910809525233	1.14339092977026
5964	0.7992388614001973	1.14358267736875
5965	0.801009436550489	1.14377442496723
5966	0.8015495649715527	1.14396617256572
5967	0.8033077355792037	1.1441579201642
5968	0.8050568074354716	1.14434966776269
5969	0.8055872117751166	1.14454141536117
5970	0.8073233794058637	1.14473316295966
5971	0.8078538135079475	1.14492491055815
5972	0.8095770394722924	1.14511665815663
5973	0.8101010658270117	1.14530840575512
5974	0.8118134569577904	1.1455001533536
5975	0.8123362057893524	1.14569190095209
5976	0.8140317327164398	1.14588364855057
5977	0.8157206007723984	1.14607539614906
5978	0.8162335400506124	1.14626714374755
5979	0.8179102017646004	1.14645889134603
5980	0.818417985257726	1.14665063894452
5981	0.8200841257776693	1.146842386543
5982	0.8205935949498248	1.14703413414149
5983	0.8222440518896661	1.14722588173997
5984	0.8238852038402307	1.14741762933846
5985	0.8243843857059482	1.14760937693695
5986	0.8260106722196788	1.14780112453543
5987	0.8265072409384545	1.14799287213392
5988	0.8281207827899539	1.1481846197324
5989	0.8286117379743968	1.14837636733089
5990	0.8302133737268798	1.14856811492937
5991	0.8307004224162704	1.14875986252786
5992	0.832290992109185	1.14895161012635
5993	0.8338721927320161	1.14914335772483
5994	0.83435404783852	1.14933510532332
5995	0.8359220214566094	1.1495268529218
5996	0.836399104890486	1.14971860052029
5997	0.837951276946807	1.14991034811877
5998	0.8384235870071864	1.15010209571726
5999	0.8399620886662122	1.15029384331575
6000	0.8414916237506623	1.15048559091423
6001	0.841960861739082	1.15067733851272
6002	0.8434775725284813	1.1508690861112
6003	0.8439398968228429	1.15106083370969
6004	0.8454467728920928	1.15125258130817
6005	0.8459064574004059	1.15144432890666
6006	0.8473962337166233	1.15163607650514
6007	0.8478519971078126	1.15182782410363
6008	0.8493306580100247	1.15201957170212
6009	0.8508020587029059	1.1522113193006
6010	0.8512500498031638	1.15240306689909
6011	0.8527043615022128	1.15259481449757
6012	0.8531480090073288	1.15278656209606
6013	0.8545920732547058	1.15297830969455
6014	0.8550335150049893	1.15317005729303
6015	0.8564626423217123	1.15336180489152
6016	0.8568993191681084	1.15355355249
6017	0.8583169364383099	1.15374530008849
6018	0.8597234801222282	1.15393704768697
6019	0.8601532637203528	1.15412879528546
6020	0.8615478927161611	1.15432054288394
6021	0.8619707891171347	1.15451229048243
6022	0.8633530916908279	1.15470403808092
6023	0.8637725213948257	1.1548957856794
6024	0.8651399535612572	1.15508753327789
6025	0.8664993458929305	1.15527928087637
6026	0.8669119169325421	1.15547102847486
6027	0.8682594598414997	1.15566277607335
6028	0.8686681540959431	1.15585452367183
6029	0.8700008820478514	1.15604627127032
6030	0.8704074131853108	1.1562380188688
6031	0.8717291890745918	1.15642976646729
6032	0.8721322841853372	1.15662151406577
6033	0.8734422788653925	1.15681326166426
6034	0.8747417561167996	1.15700500926274
6035	0.8751389052928906	1.15719675686123
6036	0.8764245152835948	1.15738850445972
6037	0.8768144128093651	1.1575802520582
6038	0.8780866109314529	1.15777199965669
6039	0.8784773692859684	1.15796374725517
6040	0.8797383176715372	1.15815549485366
6041	0.8801205642585187	1.15834724245214
6042	0.8813685884760976	1.15853899005063
6043	0.8826083362438031	1.15873073764912
6044	0.8829859945368123	1.1589224852476
6045	0.8842128765426758	1.15911423284609
6046	0.8845850371184054	1.15930598044457
6047	0.8857995148128089	1.15949772804306
6048	0.8861691731818448	1.15968947564154
6049	0.8873700039525924	1.15988122324003
6050	0.8877350400319628	1.16007297083852
6051	0.8889231141215133	1.160264718437
6052	0.8901038959072637	1.16045646603549
6053	0.8904623061404183	1.16064821363397
6054	0.8916299741073215	1.16083996123246
6055	0.8919837957353224	1.16103170883094
6056	0.8931396695385054	1.16122345642943
6057	0.8934906203268477	1.16141520402792
6058	0.8946343157625215	1.1616069516264
6059	0.8957691330687281	1.16179869922489
6060	0.8961143952390629	1.16199044682337
6061	0.8972379635698461	1.16218219442186
6062	0.8975778346049008	1.16237394202034
6063	0.8986889203904534	1.16256568961883
6064	0.8990259717011535	1.16275743721732
6065	0.900125473619347	1.1629491848158
6066	0.900458014668998	1.16314093241429
6067	0.9015429963180804	1.16333268001277
6068	0.9026188415847092	1.16352442761126
6069	0.9029449611708594	1.16371617520974
6070	0.9040089291338603	1.16390792280823
6071	0.9043322848494764	1.16409967040672
6072	0.9053844254961203	1.1642914180052
6073	0.9057050328850866	1.16448316560369
6074	0.9067453972013783	1.16467491320217
6075	0.9070611406439565	1.16486666080066
6076	0.90809020670815	1.16505840839914
6077	0.9091090429680143	1.16525015599763
6078	0.9094206281811053	1.16544190359612
6079	0.910428686499964	1.1656336511946
6080	0.9107345998396097	1.16582539879309
6081	0.9117310816995289	1.16601714639157
6082	0.9120330454244687	1.16620889399006
6083	0.9130197120348835	1.16640064158854
6084	0.9139954534890661	1.16659238918703
6085	0.914292091792218	1.16678413678552
6086	0.9152589713375009	1.166975884384
6087	0.9155521343945712	1.16716763198249
6088	0.9165067972869387	1.16735937958097
6089	0.916795649490704	1.16755112717946
6090	0.9177381536503958	1.16774287477794
6091	0.9180244198244006	1.16793462237643
6092	0.9189552510506059	1.16812636997492
6093	0.9198779294670112	1.1683181175734
6094	0.920159021949959	1.16850986517189
6095	0.9210714150739615	1.16870161277037
6096	0.9213495465809723	1.16889336036886
6097	0.9222491537680386	1.16908510796734
6098	0.9225217805469241	1.16927685556583
6099	0.9234112257800416	1.16946860316432
6100	0.9242909875227563	1.1696603507628
6101	0.9245572848062805	1.16985209836129
6102	0.9254257137956777	1.17004384595977
6103	0.9256886948980886	1.17023559355826
6104	0.9265479930934932	1.17042734115674
6105	0.9268098161607491	1.17061908875523
6106	0.9276570563250859	1.17081083635372
6107	0.9279156038711732	1.1710025839522
6108	0.9287542740688872	1.17119433155069
6109	0.9295817839563465	1.17138607914917
6110	0.9298324574555012	1.17157782674766
6111	0.9306510870790747	1.17176957434614
6112	0.9308985407169097	1.17196132194463
6113	0.9317062174383368	1.17215306954312
6114	0.9319509005306146	1.1723448171416
6115	0.9327489783781845	1.17253656474009
6116	0.9329904837545808	1.17272831233857
6117	0.9337781752295021	1.17292005993706
6118	0.9345575230641137	1.17311180753554
6119	0.934793040795314	1.17330355513403
6120	0.9355621253167691	1.17349530273252
6121	0.9357936655835747	1.173687050331
6122	0.9365516980934565	1.17387879792949
6123	0.936781859439059	1.17407054552797
6124	0.9375319200764648	1.17426229312646
6125	0.9382738426557906	1.17445404072494
6126	0.9384998820288751	1.17464578832343
6127	0.9392296622009535	1.17483753592192
6128	0.9394509459130264	1.1750292835204
6129	0.9401729592478638	1.17522103111889
6130	0.9403903690776946	1.17541277871737
6131	0.9411021072814347	1.17560452631586
6132	0.9413165268008352	1.17579627391434
6133	0.9420180636734411	1.17598802151283
6134	0.9427125932590706	1.17617976911132
6135	0.9429217892916376	1.1763715167098
6136	0.9436062503605896	1.17656326430829
6137	0.9438125200327823	1.17675501190677
6138	0.9444887180437601	1.17694675950526
6139	0.944692085101395	1.17713850710374
6140	0.9453575029329396	1.17733025470223
6141	0.945559289962088	1.17752200230072
6142	0.9462144361256672	1.1777137498992
6143	0.9468619890480396	1.17790549749769
6144	0.9470565839424089	1.17809724509617
6145	0.9476961687900676	1.17828899269466
6146	0.9478896872903241	1.17848074029314
6147	0.9485183454604331	1.17867248789163
6148	0.9487073368743275	1.17886423549012
6149	0.9493286230470669	1.1790559830886
6150	0.9495187682112036	1.17924773068709
6151	0.9501305933075243	1.17943947828557
6152	0.9507359867623887	1.17963122588406
6153	0.9509178286429106	1.17982297348254
6154	0.9515130255639382	1.18001472108103
6155	0.9516930453629743	1.18020646867952
6156	0.952279435876804	1.180398216278
6157	0.9524563483385765	1.18058996387649
6158	0.9530348904499243	1.18078171147497
6159	0.9536054842141358	1.18097345907346
6160	0.9537790602166144	1.18116520667194
6161	0.9543415148939631	1.18135695427043
6162	0.9545120536564776	1.18154870186892
6163	0.9550664540410266	1.1817404494674
6164	0.9552326586042147	1.18193219706589
6165	0.9557808522391396	1.18212394466437
6166	0.955946271873071	1.18231569226286
6167	0.9564830546943529	1.18250743986134
6168	0.9570143921414485	1.18269918745983
6169	0.9571758205618978	1.18289093505831
6170	0.9576994263964014	1.1830826826568
6172	0.9580132138207743	1.18346617785377
6173	0.9581692467046053	1.18365792545226
6174	0.9586805693146495	1.18384967305074
6175	0.9588341629356496	1.18404142064923
6176	0.9593370730607947	1.18423316824771
6177	0.9598343768164416	1.1844249158462
6178	0.959984174034205	1.18461666344469
6179	0.9604745581987882	1.18480841104317
6180	0.9606215431492536	1.18500015864166
6181	0.9611046506836746	1.18519190624014
6182	0.9612492965356508	1.18538365383863
6183	0.9617225197379787	1.18557540143711
6184	0.9621899371703115	1.1857671490356
6186	0.9624701106948715	1.18615064423257
6187	0.9626109814683513	1.18634239183106
6188	0.9630674421234093	1.18653413942954
6189	0.9632047057930508	1.18672588702803
6190	0.9636560679331732	1.18691763462651
6191	0.963791105572017	1.187109382225
6192	0.9642329268038857	1.18730112982349
6193	0.9646705910811046	1.18749287742197
6194	0.9648022177432074	1.18768462502046
6195	0.9652318511718234	1.18787637261894
6196	0.9653608690145397	1.18806812021743
6197	0.9657834672431671	1.18825986781591
6198	0.9659112766487766	1.1884516154144
6199	0.9663273892802186	1.18864336301289
6200	0.9667373109301587	1.18883511061137
6201	0.9668623603301377	1.18902685820986
6202	0.9672678042138834	1.18921860580834
6204	0.9675087098984947	1.18960210100531
6205	0.967629379230999	1.1897938486038
6206	0.9680227079988063	1.18998559620229
6207	0.9681409006933261	1.19017734380077
6208	0.9685281147023911	1.19036909139926
6209	0.9689108082604727	1.19056083899774
6210	0.9690259809785527	1.19075258659623
6211	0.969401783581014	1.19094433419471
6212	0.9695145490797654	1.1911360817932
6213	0.9698835408390767	1.19132782939169
6214	0.9699939211192803	1.19151957699017
6215	0.9703571293473164	1.19171132458866
6216	0.970466095766185	1.19190307218714
6218	0.9709292922039182	1.19228656738411
6219	0.9710354939781451	1.1924783149826
6220	0.9713850453378009	1.19267006258109
6221	0.971489417600091	1.19286181017957
6222	0.9718325114087154	1.19305355777806
6223	0.9719365234201	1.19324530537654
6225	0.9723745187653406	1.19362880057351
6226	0.97247587028443	1.193820548172
6227	0.9728064093272285	1.19401229577049
6228	0.9729060213156225	1.19420404336897
6230	0.973101606893472	1.19458753856594
6231	0.9734247960445297	1.19477928616443
6232	0.9735219048757526	1.19497103376291
6233	0.9738380516260181	1.1951627813614
6235	0.9740260682444517	1.19554627655837
6236	0.9743359372076176	1.19573802415686
6237	0.9744288435065632	1.19592977175534
6238	0.974732822519912	1.19612151935383
6239	0.9748236079518783	1.19631326695231
6241	0.9750035567028579	1.19669676214929
6242	0.9752997701650611	1.19688850974777
6244	0.9754757979999672	1.19727200494474
6245	0.9757666236543402	1.19746375254323
6246	0.9758531490822061	1.19765550014171
6247	0.97613787016198	1.1978472477402
6248	0.9762233711737122	1.19803899533869
6250	0.9763917876965796	1.19842249053566
6252	0.9767519732442117	1.19880598573263
6253	0.9768344187002773	1.19899773333111
6254	0.9771057832831763	1.1991894809296
6256	0.9772668817844256	1.19957297612657
6257	0.9773471837290919	1.19976472372506
6258	0.9776120556737161	1.19995647132354
6259	0.9778733237041034	1.20014821892203
6260	0.9779511124270851	1.20033996652051
6261	0.9782077544346404	1.200531714119
6263	0.9783597003297766	1.20091520931597
6264	0.9784354588052966	1.20110695691446
6266	0.9785865583622235	1.20149045211143
6267	0.9788339527038019	1.20168219970991
6268	0.9790790309679385	1.2018739473084
6272	0.9791992324222661	1.20264093770234
6274	0.9793428770713067	1.20302443289931
6276	0.9794853103220708	1.20340792809629
6277	0.9797202860326022	1.20359967569477
6278	0.979790891917735	1.20379142329326
6279	0.9800216713345598	1.20398317089174
6281	0.9801584262858578	1.20436666608871
6282	0.9802266469430507	1.2045584136872
6283	0.9804514039529583	1.20475016128569
6285	0.9805862336991162	1.20513365648266
6286	0.9808060497671353	1.20532540408114
6287	0.9808726970055041	1.20551715167963
6289	0.9810029077752156	1.2059006468766
6290	0.9812169922827869	1.20609239447509
6293	0.9814064383292215	1.20666763727054
6296	0.9814478071935443	1.207242880066
6297	0.9816562652746396	1.20743462766449
6299	0.981779312573003	1.20781812286146
6300	0.9819826106181752	1.20800987045994
6301	0.9820443622974547	1.20820161805843
6304	0.9822233904125189	1.20877686085389
6307	0.9822623722959134	1.20935210364934
6309	0.9825169354145951	1.20973559884631
6312	0.98255565654922	1.21031084164177
6314	0.9826717252100475	1.21069433683874
6315	0.982862633414476	1.21088608443723
6316	0.9829195066121841	1.21107783203571
6321	0.9830679436761274	1.21203657002814
6322	0.9832539464164044	1.21222831762663
6323	0.9833091739383968	1.21242006522511
6326	0.9834722350775583	1.21299530802057
6330	0.983561105230193	1.21376229841451
6333	0.9837209533294563	1.21433754120997
6334	0.9838978967691823	1.21452928880846
6335	0.9839504202848566	1.21472103640694
6338	0.9841054004228936	1.2152962792024
6339	0.9841570533281576	1.21548802680088
6347	0.9843244584096675	1.21702200758877
6349	0.9844269943714932	1.21740550278574
6350	0.9844772986936912	1.21759725038423
6352	0.9846919144265242	1.2179807455812
6353	0.9847417858942392	1.21817249317968
6356	0.9848868636130194	1.21874773597514
6361	0.9850131178699582	1.21970647396757
6362	0.9850616590802868	1.21989822156606
6363	0.9852194790527995	1.22008996916454
6365	0.9853126462211742	1.22047346436151
6366	0.9853592822862669	1.22066521196
6370	0.9855418468800361	1.22143220235394
6375	0.9856607917533275	1.22239094034637
6380	0.9856737293922126	1.2233496783388
6382	0.9857630777658118	1.22373317353577
6383	0.9859112080741784	1.22392492113426
6388	0.9860260079354229	1.22488365912668
6390	0.9861131673687675	1.22526715432366
6397	0.9862102971330088	1.22660938751306
6399	0.9862951939565624	1.22699288271003
6406	0.9863905139018541	1.22833511589943
6408	0.9864739000462094	1.2287186110964
6409	0.9866122434017998	1.22891035869488
6410	0.986653498617602	1.22910210629337
6411	0.9867894423674411	1.22929385389186
6413	0.9868696055199718	1.22967734908883
6448	0.9868494624251108	1.23638851503583
6449	0.9869823936612012	1.23658026263431
6483	0.9870153286888101	1.24309968098283
6495	0.9871131506669512	1.24540065216466
6521	0.9871112071532944	1.25038608972528
6526	0.9872119165930915	1.25134482771771
6528	0.987287985658997	1.25172832291468
6537	0.9873591873688696	1.25345405130105
6576	0.987398985593251	1.260932207642
